14757395258967641292,0,0,0,0,0,0,0,0,0
14757395258967641292,0,0,0,0,0,0,0,0,0
14757395258967641292,0,0,0,0,0,0,0,0,0
14757395258967641292,0,1,6,-5,-3,-2,-2,-2,-7
14757395258967641292,0,0,0,0,0,0,0,0,0
14757395258967641292,0,0,0,0,0,0,0,0,0
14757395258967641292,-1,-1,2,0,0,1,-1,0,0
14757395258967641292,0,0,0,0,0,0,0,0,0
14757395258967641292,0,0,0,0,0,0,0,0,0
14757395258967641292,0,0,0,0,0,0,0,0,0
14757395258967641292,-1,0,-4,-3,-2,1,-1,1,-9
14757395258967641292,0,1,-5,0,0,0,0,0,-4
14757395258967641292,0,0,0,0,0,0,0,0,0
14757395258967641292,0,0,0,0,0,0,0,0,0
14757395258967641292,0,0,0,0,0,0,0,0,0
14757395258967641292,-1,-1,5,1,1,-1,-3,-1,0
14757395258967641292,0,0,0,0,0,0,0,0,0
14757395258967641292,0,0,0,0,0,0,0,0,0
14757395258967641292,0,-3,-11,1,0,0,-1,-2,-16
14757395258967641292,-1,0,-7,0,0,-2,-2,-3,-15
14757395258967641292,0,0,0,0,0,0,0,0,0
14757395258967641292,0,0,0,0,0,0,0,0,0
14757395258967641292,-3,-1,11,-8,-3,-1,-4,0,-9
14757395258967641292,0,-3,-16,0,-1,-1,2,-2,-21
14757395258967641292,0,0,0,0,0,0,0,0,0
14757395258967641292,0,0,0,0,0,0,0,0,0
14757395258967641292,0,0,0,0,0,0,0,0,0
14757395258967641292,-2,1,14,1,-2,-4,0,-2,6
14757395258967641292,0,0,0,0,0,0,0,0,0
14757395258967641292,0,0,0,0,0,0,0,0,0
14757395258967641292,1,2,-8,4,-2,-1,-2,0,-6
14757395258967641292,-2,-4,-2,1,0,-1,-1,-1,-10
14757395258967641292,0,0,0,0,0,0,0,0,0
14757395258967641292,0,0,0,0,0,0,0,0,0
14757395258967641292,1,-1,-2,2,0,-1,0,-1,-2
14757395258967641292,-1,-2,-2,-7,-2,0,-1,0,-15
14757395258967641292,0,0,0,0,0,0,0,0,0
14757395258967641292,0,0,0,0,0,0,0,0,0
14757395258967641292,0,0,0,0,0,0,0,0,0
14757395258967641292,-2,-2,-7,-2,-3,-3,-2,-2,-23
14757395258967641292,0,0,0,0,0,0,0,0,0
14757395258967641292,0,0,0,0,0,0,0,0,0
14757395258967641292,0,-2,2,3,0,-3,0,-2,-2
14757395258967641292,-1,-1,4,-7,-1,-3,-2,-1,-12
14757395258967641292,0,0,0,0,0,0,0,0,0
14757395258967641292,0,0,0,0,0,0,0,0,0
14757395258967641292,-1,0,-4,4,2,-1,0,-1,-1
14757395258967641292,1,1,0,0,0,0,-2,0,0
14757395258967641292,0,0,0,0,0,0,0,0,0
14757395258967641292,0,0,0,0,0,0,0,0,0
14757395258967641292,0,0,0,0,0,0,0,0,0
14757395258967641292,1,1,1,-1,-2,-1,0,0,-1
14757395258967641292,0,0,0,0,0,0,0,0,0
14757395258967641292,0,0,0,0,0,0,0,0,0
14757395258967641292,-1,-2,-4,-1,-2,0,-1,-1,-12
14757395258967641292,-1,1,3,1,-1,0,-1,1,3
14757395258967641292,0,0,0,0,0,0,0,0,0
14757395258967641292,0,0,0,0,0,0,0,0,0
14757395258967641292,-2,-2,2,-1,0,-2,-3,0,-8
14757395258967641292,0,0,0,0,0,0,0,0,0
14757395258967641292,0,0,0,0,0,0,0,0,0
14757395258967641292,0,0,0,0,0,0,0,0,0
14757395258967641292,0,0,0,0,0,0,0,0,0
14757395258967641292,-1,-2,0,2,1,-2,-1,-1,-4
14757395258967641292,0,0,0,0,0,0,0,0,0
14757395258967641292,0,0,0,0,0,0,0,0,0
14757395258967641292,-2,-4,-3,-14,-2,-2,-1,-2,-30
14757395258967641292,-2,-3,-12,-2,-1,0,1,-1,-20
14757395258967641292,0,0,0,0,0,0,0,0,0
14757395258967641292,0,0,0,0,0,0,0,0,0
14757395258967641292,1,-2,-3,0,-3,-2,-1,-2,-12
14757395258967641292,0,0,0,0,0,0,0,0,0
14757395258967641292,0,0,0,0,0,0,0,0,0
14757395258967641292,0,0,0,0,0,0,0,0,0
14757395258967641292,0,0,0,0,0,0,0,0,0
14757395258967641292,0,-1,1,-2,-1,-1,-1,0,-5
14757395258967641292,0,0,0,0,0,0,0,0,0
14757395258967641292,-1,-3,-8,-4,0,0,-1,-1,-18
14757395258967641292,0,0,0,0,0,0,0,0,0
14757395258967641292,-2,-2,-1,0,-2,0,-1,-1,-9
14757395258967641292,0,0,0,0,0,0,0,0,0
14757395258967641292,0,0,0,0,0,0,0,0,0
14757395258967641292,-2,-2,1,0,0,-2,-1,-2,-8
14757395258967641292,0,0,0,0,0,0,0,0,0
14757395258967641292,0,0,0,0,0,0,0,0,0
14757395258967641292,0,0,0,0,0,0,0,0,0
14757395258967641292,0,0,0,0,0,0,0,0,0
14757395258967641292,0,-1,-11,-2,-2,0,-1,-3,-20
14757395258967641292,0,0,0,0,0,0,0,0,0
14757395258967641292,-2,1,2,-4,-3,-1,0,0,-7
14757395258967641292,0,0,0,0,0,0,0,0,0
14757395258967641292,-1,2,-3,5,0,-2,-1,-2,-2
14757395258967641292,0,0,0,0,0,0,0,0,0
14757395258967641292,0,0,0,0,0,0,0,0,0
14757395258967641292,-1,0,3,-8,-3,-1,0,-1,-11
14757395258967641292,0,0,0,0,0,0,0,0,0
14757395258967641292,0,0,0,0,0,0,0,0,0
14757395258967641292,0,0,0,0,0,0,0,0,0
14757395258967641292,0,0,0,0,0,0,0,0,0
14757395258967641292,0,0,10,0,-1,-1,0,0,8
14757395258967641292,0,0,0,0,0,0,0,0,0
14757395258967641292,-2,0,-6,1,1,-2,-3,-2,-13
14757395258967641292,0,0,0,0,0,0,0,0,0
14757395258967641292,-1,-3,0,0,0,1,-1,-1,-5
14757395258967641292,0,0,0,0,0,0,0,0,0
14757395258967641292,0,0,0,0,0,0,0,0,0
14757395258967641292,-1,0,-8,-4,1,-2,-2,-1,-17
14757395258967641292,0,0,0,0,0,0,0,0,0
14757395258967641292,0,0,0,0,0,0,0,0,0
14757395258967641292,0,0,0,0,0,0,0,0,0
14757395258967641292,0,0,0,0,0,0,0,0,0
14757395258967641292,-1,0,6,1,-1,-1,-2,1,3
14757395258967641292,0,0,0,0,0,0,0,0,0
14757395258967641292,-1,2,7,-5,-2,1,0,-2,0
14757395258967641292,0,0,0,0,0,0,0,0,0
14757395258967641292,0,0,3,4,0,0,-1,-1,5
14757395258967641292,0,0,0,0,0,0,0,0,0
14757395258967641292,0,0,0,0,0,0,0,0,0
14757395258967641292,0,-2,-4,-4,-3,-1,-1,0,-15
14757395258967641292,0,0,0,0,0,0,0,0,0
14757395258967641292,0,0,0,0,0,0,0,0,0
14757395258967641292,0,0,0,0,0,0,0,0,0
14757395258967641292,0,0,0,0,0,0,0,0,0
14757395258967641292,-2,-1,0,3,0,-1,-1,0,-2
14757395258967641292,0,0,0,0,0,0,0,0,0
14757395258967641292,1,4,-3,-5,-1,0,-1,0,-5
14757395258967641292,0,0,0,0,0,0,0,0,0
14757395258967641292,-2,-2,2,4,-2,-1,-2,-1,-4
14757395258967641292,0,0,0,0,0,0,0,0,0
14757395258967641292,0,0,0,0,0,0,0,0,0
14757395258967641292,-2,-5,-10,-4,-1,-2,-1,-3,-28
14757395258967641292,0,0,0,0,0,0,0,0,0
14757395258967641292,0,0,0,0,0,0,0,0,0
14757395258967641292,0,0,0,0,0,0,0,0,0
14757395258967641292,0,0,0,0,0,0,0,0,0
14757395258967641292,-1,-2,-8,-1,-3,-1,0,-2,-18
14757395258967641292,0,0,0,0,0,0,0,0,0
14757395258967641292,-1,0,0,1,-2,-1,-1,-2,-6
14757395258967641292,0,0,0,0,0,0,0,0,0
14757395258967641292,-1,2,2,-6,1,-2,0,-1,-5
14757395258967641292,0,0,0,0,0,0,0,0,0
14757395258967641292,0,0,0,0,0,0,0,0,0
14757395258967641292,-2,-3,0,2,0,0,-2,-1,-6
14757395258967641292,2,2,3,0,-2,1,-1,1,6
14757395258967641292,0,0,0,0,0,0,0,0,0
14757395258967641292,0,0,0,0,0,0,0,0,0
14757395258967641292,0,0,0,0,0,0,0,0,0
14757395258967641292,-2,-3,-7,0,-1,-1,-3,-1,-18
14757395258967641292,0,0,0,0,0,0,0,0,0
14757395258967641292,0,0,0,0,0,0,0,0,0
14757395258967641292,0,0,0,0,0,0,0,0,0
14757395258967641292,-1,-1,1,3,-2,0,-1,1,0
14757395258967641292,0,-1,2,-1,0,-1,-1,0,-2
14757395258967641292,0,0,0,0,0,0,0,0,0
14757395258967641292,-2,-5,-11,3,0,-1,-3,-2,-21
14757395258967641292,-1,-4,2,0,-2,-1,0,-2,-8
14757395258967641292,0,0,0,0,0,0,0,0,0
14757395258967641292,0,0,0,0,0,0,0,0,0
14757395258967641292,0,0,0,0,0,0,0,0,0
14757395258967641292,1,1,-1,5,2,1,4,0,13
14757395258967641292,0,0,0,0,0,0,0,0,0
14757395258967641292,-6,-6,1,-5,-5,-1,-4,-4,-30
14757395258967641292,0,0,0,0,0,0,0,0,0
14757395258967641292,-3,-1,-6,-1,-1,0,-2,1,-13
14757395258967641292,0,0,0,0,0,0,0,0,0
14757395258967641292,0,0,0,0,0,0,0,0,0
14757395258967641292,-2,-1,-3,-1,-1,0,-2,-2,-12
14757395258967641292,0,0,0,0,0,0,0,0,0
14757395258967641292,0,0,0,0,0,0,0,0,0
14757395258967641292,0,0,0,0,0,0,0,0,0
14757395258967641292,0,0,0,0,0,0,0,0,0
14757395258967641292,2,2,-3,-2,1,0,-2,-1,-3
14757395258967641292,0,0,0,0,0,0,0,0,0
14757395258967641292,0,0,0,0,0,0,0,0,0
14757395258967641292,0,0,0,0,0,0,0,0,0
14757395258967641292,1,-1,10,-1,-2,-1,4,3,13
14757395258967641292,0,0,0,0,0,0,0,0,0
14757395258967641292,0,0,0,0,0,0,0,0,0
14757395258967641292,-2,-2,-2,-3,-3,-3,10,3,-2
14757395258967641292,0,0,0,0,0,0,0,0,0
14757395258967641292,0,0,0,0,0,0,0,0,0
14757395258967641292,0,0,0,0,0,0,0,0,0
14757395258967641292,0,0,0,0,0,0,0,0,0
14757395258967641292,5,2,21,1,2,2,-10,4,27
14757395258967641292,0,0,0,0,0,0,0,0,0
14757395258967641292,0,0,0,0,0,0,0,0,0
14757395258967641292,0,0,0,0,0,0,0,0,0
14757395258967641292,-25,-2,-8,12,3,-4,-24,-61,-109
14757395258967641292,0,0,0,0,0,0,0,0,0
14757395258967641292,0,0,0,0,0,0,0,0,0
14757395258967641292,22,-14,11,-1,-9,32,18,109,168
14757395258967641292,9,4,30,-18,-5,-1,-13,-16,-10
14757395258967641292,0,0,0,0,0,0,0,0,0
14757395258967641292,0,0,0,0,0,0,0,0,0
14757395258967641292,0,0,0,0,0,0,0,0,0
14757395258967641292,18,3,-4,10,2,-7,-21,-1,0
14757395258967641292,0,0,0,0,0,0,0,0,0
14757395258967641292,0,0,0,0,0,0,0,0,0
14757395258967641292,0,0,0,0,0,0,0,0,0
14757395258967641292,0,0,0,0,0,0,0,0,0
14757395258967641292,0,0,0,0,0,0,0,0,0
14757395258967641292,-5,6,11,2,2,6,45,45,112
14757395258967641292,16,20,26,19,7,-9,-13,-27,39
14757395258967641292,10,33,53,-3,-5,15,14,46,163
14757395258967641292,0,0,0,0,0,0,0,0,0
14757395258967641292,0,0,0,0,0,0,0,0,0
14757395258967641292,0,0,0,0,0,0,0,0,0
14757395258967641292,-20,-37,-25,-18,-11,-11,-15,-32,-169
14757395258967641292,0,0,0,0,0,0,0,0,0
14757395258967641292,0,0,0,0,0,0,0,0,0
14757395258967641292,0,0,0,0,0,0,0,0,0
14757395258967641292,-19,-19,-32,-8,-9,-5,-11,-14,-117
14757395258967641292,0,0,0,0,0,0,0,0,0
14757395258967641292,0,0,0,0,0,0,0,0,0
14757395258967641292,-7,-18,-47,-12,-4,1,-5,-12,-104
14757395258967641292,0,0,0,0,0,0,0,0,0
14757395258967641292,0,0,0,0,0,0,0,0,0
14757395258967641292,12,8,-14,13,5,4,5,27,60
14757395258967641292,0,0,0,0,0,0,0,0,0
14757395258967641292,14,8,-46,1,5,0,4,13,-1
14757395258967641292,0,0,0,0,0,0,0,0,0
14757395258967641292,0,0,0,0,0,0,0,0,0
14757395258967641292,0,0,0,0,0,0,0,0,0
14757395258967641292,-21,-14,-24,-16,-11,-3,9,-15,-95
14757395258967641292,1,-8,-8,4,3,1,4,-1,-4
14757395258967641292,0,0,0,0,0,0,0,0,0
14757395258967641292,6,14,-70,-4,3,1,7,1,-42
14757395258967641292,-11,-11,2,-6,-4,-3,0,-5,-38
14757395258967641292,0,0,0,0,0,0,0,0,0
14757395258967641292,0,0,0,0,0,0,0,0,0
14757395258967641292,0,0,0,0,0,0,0,0,0
14757395258967641292,2,3,-4,-5,-2,-2,-2,-3,-13
14757395258967641292,0,0,0,0,0,0,0,0,0
14757395258967641292,0,0,0,0,0,0,0,0,0
14757395258967641292,0,0,0,0,0,0,0,0,0
14757395258967641292,14,12,2,6,3,-2,11,6,52
14757395258967641292,-9,-1,19,-2,-2,-7,-7,-26,-35
14757395258967641292,0,0,0,0,0,0,0,0,0
14757395258967641292,-1,-1,0,-2,3,2,-9,-9,-17
14757395258967641292,8,3,-11,7,0,-6,-26,-47,-72
14757395258967641292,0,0,0,0,0,0,0,0,0
14757395258967641292,0,0,0,0,0,0,0,0,0
14757395258967641292,0,0,0,0,0,0,0,0,0
14757395258967641292,10,-8,-2,0,3,4,10,70,87
14757395258967641292,0,0,0,0,0,0,0,0,0
14757395258967641292,0,0,0,0,0,0,0,0,0
14757395258967641292,0,0,0,0,0,0,0,0,0
14757395258967641292,3,-3,13,-12,-4,1,-4,-56,-62
14757395258967641292,-1,5,-15,-6,-1,-2,0,-12,-32
14757395258967641292,0,0,0,0,0,0,0,0,0
14757395258967641292,0,-1,-10,4,3,-1,6,31,32
14757395258967641292,-3,4,-45,-3,0,0,5,3,-39
14757395258967641292,0,0,0,0,0,0,0,0,0
14757395258967641292,0,0,0,0,0,0,0,0,0
14757395258967641292,0,0,0,0,0,0,0,0,0
14757395258967641292,-3,4,13,2,5,2,4,8,35
14757395258967641292,0,0,0,0,0,0,0,0,0
14757395258967641292,0,0,0,0,0,0,0,0,0
14757395258967641292,0,0,0,0,0,0,0,0,0
14757395258967641292,0,6,-4,4,3,-1,-5,-10,-7
14757395258967641292,0,0,0,0,0,0,0,0,0
14757395258967641292,-3,-11,-18,-7,-5,-1,7,3,-35
14757395258967641292,-8,-11,20,-5,-5,-2,-7,1,-17
14757395258967641292,-2,-3,11,0,-1,1,-1,6,11
14757395258967641292,0,0,0,0,0,0,0,0,0
14757395258967641292,0,0,0,0,0,0,0,0,0
14757395258967641292,0,0,0,0,0,0,0,0,0
14757395258967641292,-3,-5,7,-7,-4,-2,5,6,-3
14757395258967641292,0,0,0,0,0,0,0,0,0
14757395258967641292,0,0,0,0,0,0,0,0,0
14757395258967641292,0,0,0,0,0,0,0,0,0
14757395258967641292,1,1,-17,-1,-2,2,-3,-5,-24
14757395258967641292,0,0,0,0,0,0,0,0,0
14757395258967641292,0,0,0,0,0,0,0,0,0
14757395258967641292,-2,-2,4,0,-2,-1,-1,-1,-5
14757395258967641292,0,0,0,0,0,0,0,0,0
14757395258967641292,-1,5,32,5,0,-4,1,4,42
14757395258967641292,0,0,0,0,0,0,0,0,0
14757395258967641292,0,0,0,0,0,0,0,0,0
14757395258967641292,-4,-1,16,-1,-2,1,-1,-10,-2
14757395258967641292,0,0,0,0,0,0,0,0,0
14757395258967641292,0,0,0,0,0,0,0,0,0
14757395258967641292,0,0,0,0,0,0,0,0,0
14757395258967641292,-7,-1,2,-3,-2,0,-6,-12,-29
14757395258967641292,0,0,0,0,0,0,0,0,0
14757395258967641292,0,0,0,0,0,0,0,0,0
14757395258967641292,2,1,1,0,0,-1,0,3,6
14757395258967641292,0,0,0,0,0,0,0,0,0
14757395258967641292,-1,0,-6,-4,-2,-1,1,-28,-41
14757395258967641292,0,0,0,0,0,0,0,0,0
14757395258967641292,0,0,0,0,0,0,0,0,0
14757395258967641292,-1,-2,6,2,0,1,-2,7,11
14757395258967641292,0,0,0,0,0,0,0,0,0
14757395258967641292,0,0,0,0,0,0,0,0,0
14757395258967641292,0,0,0,0,0,0,0,0,0
14757395258967641292,-3,-1,-1,-6,0,-1,0,2,-10
14757395258967641292,0,0,0,0,0,0,0,0,0
14757395258967641292,0,0,0,0,0,0,0,0,0
14757395258967641292,0,-4,-9,-4,-3,-3,-1,2,-22
14757395258967641292,0,0,0,0,0,0,0,0,0
14757395258967641292,-3,-7,3,0,-3,-2,-3,-2,-17
14757395258967641292,0,0,0,0,0,0,0,0,0
14757395258967641292,0,0,0,0,0,0,0,0,0
14757395258967641292,0,4,16,6,0,1,-2,3,28
14757395258967641292,0,0,0,0,0,0,0,0,0
14757395258967641292,0,0,0,0,0,0,0,0,0
14757395258967641292,0,0,0,0,0,0,0,0,0
14757395258967641292,-2,-4,-12,-6,-2,0,-2,-3,-31
14757395258967641292,0,0,0,0,0,0,0,0,0
14757395258967641292,1,0,-10,4,-2,-3,-1,2,-9
14757395258967641292,-2,-1,26,3,-1,1,-1,-1,24
14757395258967641292,0,0,0,0,0,0,0,0,0
14757395258967641292,-5,-7,-52,-11,-5,-3,-2,-3,-88
14757395258967641292,0,0,0,0,0,0,0,0,0
14757395258967641292,0,0,0,0,0,0,0,0,0
14757395258967641292,0,2,26,3,0,-1,0,1,31
14757395258967641292,0,0,0,0,0,0,0,0,0
14757395258967641292,0,0,0,0,0,0,0,0,0
14757395258967641292,0,0,0,0,0,0,0,0,0
14757395258967641292,-1,-6,-2,-4,-1,-2,0,-3,-19
14757395258967641292,0,0,0,0,0,0,0,0,0
14757395258967641292,0,0,0,0,0,0,0,0,0
14757395258967641292,-2,2,6,5,0,-2,-2,-1,6
14757395258967641292,0,0,0,0,0,0,0,0,0
14757395258967641292,0,0,-3,-3,-3,1,0,1,-7
14757395258967641292,0,0,0,0,0,0,0,0,0
14757395258967641292,0,0,0,0,0,0,0,0,0
14757395258967641292,1,4,8,7,1,-2,-1,2,20
14757395258967641292,0,0,0,0,0,0,0,0,0
14757395258967641292,0,0,0,0,0,0,0,0,0
14757395258967641292,0,0,0,0,0,0,0,0,0
14757395258967641292,-5,-10,-54,-12,-5,-3,-3,-1,-93
14757395258967641292,0,0,0,0,0,0,0,0,0
14757395258967641292,0,0,0,0,0,0,0,0,0
14757395258967641292,1,6,17,2,-1,-1,-1,-2,21
14757395258967641292,0,0,0,0,0,0,0,0,0
14757395258967641292,1,0,15,7,2,2,0,0,27
14757395258967641292,0,0,0,0,0,0,0,0,0
14757395258967641292,-1,0,1,-3,-2,-2,0,-1,-8
14757395258967641292,0,0,0,0,0,0,0,0,0
14757395258967641292,1,3,32,3,1,-4,0,1,37
14757395258967641292,0,0,0,0,0,0,0,0,0
14757395258967641292,0,0,0,0,0,0,0,0,0
14757395258967641292,-3,-2,-19,-4,-1,0,-2,-2,-33
14757395258967641292,0,0,0,0,0,0,0,0,0
14757395258967641292,0,0,0,0,0,0,0,0,0
14757395258967641292,3,9,15,9,5,0,0,2,43
14757395258967641292,0,0,0,0,0,0,0,0,0
14757395258967641292,-1,2,16,9,-1,0,-1,1,25
14757395258967641292,0,0,0,0,0,0,0,0,0
14757395258967641292,0,0,0,0,0,0,0,0,0
14757395258967641292,-1,-4,-11,-7,-2,-3,-3,-2,-33
14757395258967641292,0,0,0,0,0,0,0,0,0
14757395258967641292,0,0,0,0,0,0,0,0,0
14757395258967641292,0,0,0,0,0,0,0,0,0
14757395258967641292,0,0,6,0,0,1,0,-1,6
14757395258967641292,0,0,0,0,0,0,0,0,0
14757395258967641292,0,0,0,0,0,0,0,0,0
14757395258967641292,0,0,0,0,0,0,0,0,0
14757395258967641292,0,0,0,0,0,0,0,0,0
14757395258967641292,0,1,4,-6,1,1,1,0,2
14757395258967641292,0,0,0,0,0,0,0,0,0
14757395258967641292,-1,-4,2,1,-5,-2,0,-2,-11
14757395258967641292,0,0,0,0,0,0,0,0,0
14757395258967641292,-3,-1,3,-4,-1,0,-2,0,-8
14757395258967641292,0,0,0,0,0,0,0,0,0
14757395258967641292,0,0,0,0,0,0,0,0,0
14757395258967641292,-1,0,3,-2,-1,-1,-1,-1,-4
14757395258967641292,0,0,0,0,0,0,0,0,0
14757395258967641292,0,0,0,0,0,0,0,0,0
14757395258967641292,0,0,0,0,0,0,0,0,0
14757395258967641292,0,0,0,0,0,0,0,0,0
14757395258967641292,-1,-1,2,0,0,-1,-1,-1,-3
14757395258967641292,0,0,0,0,0,0,0,0,0
14757395258967641292,0,0,0,0,0,0,0,0,0
14757395258967641292,1,0,-2,0,-3,-2,-2,-1,-9
14757395258967641292,0,0,0,0,0,0,0,0,0
14757395258967641292,0,0,0,0,0,0,0,0,0
14757395258967641292,0,0,0,0,0,0,0,0,0
14757395258967641292,1,1,4,3,0,-1,0,2,10
14757395258967641292,0,-2,-2,-1,-1,1,0,-1,-6
14757395258967641292,0,0,0,0,0,0,0,0,0
14757395258967641292,0,0,0,0,0,0,0,0,0
14757395258967641292,0,0,0,0,0,0,0,0,0
14757395258967641292,-2,-1,1,-1,1,-2,-1,-3,-8
14757395258967641292,0,0,0,0,0,0,0,0,0
14757395258967641292,0,1,-6,2,-2,1,0,-1,-5
14757395258967641292,0,0,0,0,0,0,0,0,0
14757395258967641292,-1,-3,0,1,0,1,-1,0,-3
14757395258967641292,0,0,0,0,0,0,0,0,0
14757395258967641292,0,0,0,0,0,0,0,0,0
14757395258967641292,-1,-1,6,-1,-3,-1,0,-1,-2
14757395258967641292,0,0,0,0,0,0,0,0,0
14757395258967641292,0,0,0,0,0,0,0,0,0
14757395258967641292,0,0,0,0,0,0,0,0,0
14757395258967641292,0,0,0,0,0,0,0,0,0
14757395258967641292,-1,-3,-1,1,0,0,1,-1,-4
14757395258967641292,0,0,0,0,0,0,0,0,0
14757395258967641292,0,0,0,0,0,0,0,0,0
14757395258967641292,-1,-1,2,-2,-2,0,-1,0,-5
14757395258967641292,-2,-2,-7,-4,-2,0,0,-2,-19
14757395258967641292,0,0,0,0,0,0,0,0,0
14757395258967641292,0,0,0,0,0,0,0,0,0
14757395258967641292,-1,0,0,-2,-1,0,-1,-2,-7
14757395258967641292,0,0,0,0,0,0,0,0,0
14757395258967641292,0,0,0,0,0,0,0,0,0
14757395258967641292,0,0,0,0,0,0,0,0,0
14757395258967641292,0,0,0,0,0,0,0,0,0
14757395258967641292,0,-1,-1,1,-2,-2,-2,-1,-8
14757395258967641292,0,0,0,0,0,0,0,0,0
14757395258967641292,0,0,0,0,0,0,0,0,0
14757395258967641292,0,-2,0,-1,-2,-1,0,-1,-7
14757395258967641292,1,0,1,2,0,0,0,-1,3
14757395258967641292,0,0,0,0,0,0,0,0,0
14757395258967641292,0,0,0,0,0,0,0,0,0
14757395258967641292,-1,1,-1,-1,-1,-2,0,0,-5
14757395258967641292,-1,0,0,-2,-1,-2,-1,0,-7
14757395258967641292,0,0,0,0,0,0,0,0,0
14757395258967641292,0,0,0,0,0,0,0,0,0
14757395258967641292,0,0,0,0,0,0,0,0,0
14757395258967641292,-1,0,-1,-2,-3,-2,0,2,-7
14757395258967641292,0,0,0,0,0,0,0,0,0
14757395258967641292,-1,2,0,0,-1,0,-2,0,-2
14757395258967641292,0,0,0,0,0,0,0,0,0
14757395258967641292,-1,-1,-2,-1,-1,0,0,-2,-8
14757395258967641292,0,0,0,0,0,0,0,0,0
14757395258967641292,0,0,0,0,0,0,0,0,0
14757395258967641292,-3,-8,-4,-2,-4,-2,-1,-2,-26
14757395258967641292,-2,-1,-2,-3,0,-1,-2,-1,-12
14757395258967641292,0,0,0,0,0,0,0,0,0
14757395258967641292,0,0,0,0,0,0,0,0,0
14757395258967641292,0,0,0,0,0,0,0,0,0
14757395258967641292,-2,-3,0,2,0,-1,-1,-2,-7
14757395258967641292,0,0,0,0,0,0,0,0,0
14757395258967641292,-1,-1,-3,-1,1,-2,-1,-1,-9
14757395258967641292,0,0,0,0,0,0,0,0,0
14757395258967641292,-1,1,-1,-6,-2,-1,-1,-2,-13
14757395258967641292,0,0,0,0,0,0,0,0,0
14757395258967641292,0,0,0,0,0,0,0,0,0
14757395258967641292,-1,-2,-1,6,3,2,-1,0,6
14757395258967641292,-1,1,-2,-3,2,0,-1,0,-4
14757395258967641292,0,0,0,0,0,0,0,0,0
14757395258967641292,0,0,0,0,0,0,0,0,0
14757395258967641292,0,0,0,0,0,0,0,0,0
14757395258967641292,0,-1,1,1,0,-2,0,-1,-2
14757395258967641292,0,0,0,0,0,0,0,0,0
14757395258967641292,0,3,1,-1,1,-2,0,-2,0
14757395258967641292,0,0,0,0,0,0,0,0,0
14757395258967641292,-2,-4,-1,-5,-3,-1,-1,-1,-18
14757395258967641292,0,0,0,0,0,0,0,0,0
14757395258967641292,0,0,0,0,0,0,0,0,0
14757395258967641292,-2,-2,2,6,4,-1,-1,0,6
14757395258967641292,-2,-5,-3,1,0,-1,-1,-3,-14
14757395258967641292,0,0,0,0,0,0,0,0,0
14757395258967641292,0,0,0,0,0,0,0,0,0
14757395258967641292,0,0,0,0,0,0,0,0,0
14757395258967641292,-1,-1,-3,-5,-2,-2,-2,-1,-17
14757395258967641292,0,0,0,0,0,0,0,0,0
14757395258967641292,0,-1,-3,-3,-2,-1,-1,-1,-12
14757395258967641292,0,0,0,0,0,0,0,0,0
14757395258967641292,0,0,0,0,0,0,0,0,0
14757395258967641292,0,0,0,0,0,0,0,0,0
14757395258967641292,-1,-2,-3,1,-1,-1,-1,-2,-10
14757395258967641292,0,0,1,5,0,1,-3,-2,2
14757395258967641292,0,0,0,0,0,0,0,0,0
14757395258967641292,0,0,0,0,0,0,0,0,0
14757395258967641292,0,0,0,0,0,0,0,0,0
14757395258967641292,0,0,0,0,0,0,0,0,0
14757395258967641292,0,0,-2,-13,-4,-1,0,1,-19
14757395258967641292,0,0,0,0,0,0,0,0,0
14757395258967641292,-2,0,2,1,-1,-1,-1,0,-2
14757395258967641292,0,0,0,0,0,0,0,0,0
14757395258967641292,0,0,1,4,0,-1,-1,-1,2
14757395258967641292,0,0,0,0,0,0,0,0,0
14757395258967641292,0,0,0,0,0,0,0,0,0
14757395258967641292,0,2,3,2,-2,-2,-1,-1,1
14757395258967641292,0,0,0,0,0,0,0,0,0
14757395258967641292,0,0,0,0,0,0,0,0,0
14757395258967641292,0,0,0,0,0,0,0,0,0
14757395258967641292,0,0,0,0,0,0,0,0,0
14757395258967641292,-1,1,-1,1,0,-1,0,-3,-4
14757395258967641292,0,0,0,0,0,0,0,0,0
14757395258967641292,-1,1,0,-1,-1,-2,1,-1,-4
14757395258967641292,0,0,0,0,0,0,0,0,0
14757395258967641292,0,-2,-1,-2,-1,-3,0,1,-8
14757395258967641292,0,0,0,0,0,0,0,0,0
14757395258967641292,0,0,0,0,0,0,0,0,0
14757395258967641292,-1,0,-2,4,1,-1,0,-1,0
14757395258967641292,0,0,0,0,0,0,0,0,0
14757395258967641292,0,0,0,0,0,0,0,0,0
14757395258967641292,0,0,0,0,0,0,0,0,0
14757395258967641292,0,0,0,0,0,0,0,0,0
14757395258967641292,-2,-4,-1,5,-1,0,-2,-1,-6
14757395258967641292,0,0,0,0,0,0,0,0,0
14757395258967641292,0,2,-2,-10,-4,1,0,-1,-14
14757395258967641292,0,0,0,0,0,0,0,0,0
14757395258967641292,-2,-2,0,0,0,-2,-2,0,-8
14757395258967641292,0,0,0,0,0,0,0,0,0
14757395258967641292,0,0,0,0,0,0,0,0,0
14757395258967641292,-2,-1,-2,-4,-2,3,1,-1,-8
14757395258967641292,0,0,0,0,0,0,0,0,0
14757395258967641292,0,0,0,0,0,0,0,0,0
14757395258967641292,0,0,0,0,0,0,0,0,0
14757395258967641292,0,0,0,0,0,0,0,0,0
14757395258967641292,-2,-3,-2,0,-2,-1,-3,-2,-15
14757395258967641292,0,0,0,0,0,0,0,0,0
14757395258967641292,-3,-3,-1,-2,-3,-2,0,-1,-15
14757395258967641292,0,0,0,0,0,0,0,0,0
14757395258967641292,-1,-1,0,1,0,-1,0,-1,-3
14757395258967641292,0,0,0,0,0,0,0,0,0
14757395258967641292,0,0,0,0,0,0,0,0,0
14757395258967641292,0,-1,-9,-18,-3,-1,0,0,-32
14757395258967641292,0,0,0,0,0,0,0,0,0
14757395258967641292,0,0,0,0,0,0,0,0,0
14757395258967641292,0,0,0,0,0,0,0,0,0
14757395258967641292,0,0,0,0,0,0,0,0,0
14757395258967641292,0,0,0,0,0,0,0,0,0
14757395258967641292,-1,0,6,-1,-1,-1,1,-3,0
14757395258967641292,-1,0,2,-1,-3,-1,0,0,-4
14757395258967641292,0,0,0,0,0,0,0,0,0
14757395258967641292,1,-1,2,2,-1,0,0,0,3
14757395258967641292,0,0,0,0,0,0,0,0,0
14757395258967641292,0,0,0,0,0,0,0,0,0
14757395258967641292,-3,-3,-3,-1,-2,-1,-1,-2,-16
14757395258967641292,0,0,0,0,0,0,0,0,0
14757395258967641292,0,0,0,0,0,0,0,0,0
14757395258967641292,0,0,0,0,0,0,0,0,0
14757395258967641292,0,0,0,0,0,0,0,0,0
14757395258967641292,-2,-1,-3,-1,-2,0,-1,-1,-11
14757395258967641292,0,0,0,0,0,0,0,0,0
14757395258967641292,-1,-2,-1,-5,-3,-2,-1,-3,-18
14757395258967641292,0,0,0,0,0,0,0,0,0
14757395258967641292,0,1,0,0,1,-1,-1,1,1
14757395258967641292,0,0,0,0,0,0,0,0,0
14757395258967641292,0,0,0,0,0,0,0,0,0
14757395258967641292,-2,-3,-2,-4,0,-2,-2,-1,-16
14757395258967641292,-1,0,-1,3,0,0,-2,-1,-2
14757395258967641292,0,0,0,0,0,0,0,0,0
14757395258967641292,0,0,0,0,0,0,0,0,0
14757395258967641292,0,0,0,0,0,0,0,0,0
14757395258967641292,0,0,0,0,0,0,0,0,0
14757395258967641292,-1,-2,-1,4,0,0,-1,1,0
14757395258967641292,-2,-3,-5,0,-2,-1,-1,-1,-15
14757395258967641292,0,0,0,0,0,0,0,0,0
14757395258967641292,1,-2,-1,-2,-3,0,0,0,-7
14757395258967641292,0,4,36,3,1,0,2,1,47
14757395258967641292,0,0,0,0,0,0,0,0,0
14757395258967641292,-3,-4,0,-1,-2,-2,0,-2,-14
14757395258967641292,2,0,3,1,-1,-1,-1,-1,2
14757395258967641292,0,0,0,0,0,0,0,0,0
14757395258967641292,0,0,0,0,0,0,0,0,0
14757395258967641292,0,0,0,0,0,0,0,0,0
14757395258967641292,-4,-7,-26,-12,-4,-2,0,-1,-56
14757395258967641292,0,0,0,0,0,0,0,0,0
14757395258967641292,0,0,0,0,0,0,0,0,0
14757395258967641292,0,0,0,0,0,0,0,0,0
14757395258967641292,-1,-1,-7,-2,0,-2,0,-2,-15
14757395258967641292,1,1,-6,3,0,-1,-1,0,-3
14757395258967641292,0,0,0,0,0,0,0,0,0
14757395258967641292,-1,1,4,-6,-3,1,-2,-1,-7
14757395258967641292,-1,-3,-5,0,-1,-3,-2,0,-15
14757395258967641292,0,0,0,0,0,0,0,0,0
14757395258967641292,0,0,0,0,0,0,0,0,0
14757395258967641292,0,0,0,0,0,0,0,0,0
14757395258967641292,-2,-2,-9,-16,-2,-2,0,-2,-35
14757395258967641292,0,0,0,0,0,0,0,0,0
14757395258967641292,0,0,0,0,0,0,0,0,0
14757395258967641292,0,0,0,0,0,0,0,0,0
14757395258967641292,0,0,6,8,-1,0,0,-2,11
14757395258967641292,0,0,0,0,0,0,0,0,0
14757395258967641292,0,0,0,0,0,0,0,0,0
14757395258967641292,0,3,-1,-2,-1,-3,0,1,-3
14757395258967641292,0,0,0,0,0,0,0,0,0
14757395258967641292,-2,-2,-2,0,0,0,-3,0,-9
14757395258967641292,0,0,0,0,0,0,0,0,0
14757395258967641292,0,0,0,0,0,0,0,0,0
14757395258967641292,-2,1,-1,2,0,-1,-2,0,-3
14757395258967641292,0,0,0,0,0,0,0,0,0
14757395258967641292,0,0,0,0,0,0,0,0,0
14757395258967641292,0,0,0,0,0,0,0,0,0
14757395258967641292,-3,-3,-1,0,1,-2,-1,0,-9
14757395258967641292,0,0,0,0,0,0,0,0,0
14757395258967641292,0,-2,-4,-8,-2,-1,0,0,-17
14757395258967641292,0,-1,1,-1,0,0,0,-2,-3
14757395258967641292,-1,-1,0,5,-1,-2,-1,0,-1
14757395258967641292,0,0,0,0,0,0,0,0,0
14757395258967641292,0,0,0,0,0,0,0,0,0
14757395258967641292,0,0,0,0,0,0,0,0,0
14757395258967641292,-1,-1,1,6,0,-1,-1,-1,2
14757395258967641292,0,0,0,0,0,0,0,0,0
14757395258967641292,0,0,0,0,0,0,0,0,0
14757395258967641292,0,0,0,0,0,0,0,0,0
14757395258967641292,0,-1,-23,-1,-4,-4,-1,-2,-36
14757395258967641292,0,0,0,0,0,0,0,0,0
14757395258967641292,0,0,0,0,0,0,0,0,0
14757395258967641292,0,0,0,-2,-2,-3,-1,0,-8
14757395258967641292,0,0,9,6,0,-1,0,-1,13
14757395258967641292,0,0,0,0,0,0,0,0,0
14757395258967641292,0,0,0,0,0,0,0,0,0
14757395258967641292,0,0,0,0,0,0,0,0,0
14757395258967641292,-1,-1,4,0,0,0,-1,0,1
14757395258967641292,0,0,0,0,0,0,0,0,0
14757395258967641292,0,0,0,0,0,0,0,0,0
14757395258967641292,0,0,0,0,0,0,0,0,0
14757395258967641292,-3,0,5,2,0,-2,-2,-1,-1
14757395258967641292,0,0,0,0,0,0,0,0,0
14757395258967641292,1,-2,1,5,-1,-1,-2,-1,0
14757395258967641292,2,1,-4,-9,-2,2,1,0,-9
14757395258967641292,0,2,9,0,0,0,1,-1,11
14757395258967641292,0,0,0,0,0,0,0,0,0
14757395258967641292,0,0,0,0,0,0,0,0,0
14757395258967641292,0,0,0,0,0,0,0,0,0
14757395258967641292,2,3,3,-1,0,-1,0,0,6
14757395258967641292,0,0,0,0,0,0,0,0,0
14757395258967641292,0,0,0,0,0,0,0,0,0
14757395258967641292,0,0,0,0,0,0,0,0,0
14757395258967641292,-1,-1,2,2,-2,-1,-1,-1,-3
14757395258967641292,0,0,0,0,0,0,0,0,0
14757395258967641292,-1,0,-5,-12,-1,-1,0,-2,-22
14757395258967641292,-2,-5,-6,-1,-2,-1,-3,-1,-21
14757395258967641292,-1,-1,4,-1,0,0,-1,1,1
14757395258967641292,0,0,0,0,0,0,0,0,0
14757395258967641292,0,0,0,0,0,0,0,0,0
14757395258967641292,0,0,0,0,0,0,0,0,0
14757395258967641292,-2,-1,-5,-2,-1,-1,-1,-1,-14
14757395258967641292,0,0,0,0,0,0,0,0,0
14757395258967641292,0,0,0,0,0,0,0,0,0
14757395258967641292,0,0,0,0,0,0,0,0,0
14757395258967641292,-2,0,1,1,0,-1,0,-3,-4
14757395258967641292,-4,-3,-5,-1,-1,-1,-1,0,-16
14757395258967641292,0,0,0,0,0,0,0,0,0
14757395258967641292,-1,-6,5,-7,-2,-2,0,1,-12
14757395258967641292,0,5,10,5,-1,1,-1,-1,18
14757395258967641292,0,0,0,0,0,0,0,0,0
14757395258967641292,0,0,0,0,0,0,0,0,0
14757395258967641292,0,0,0,0,0,0,0,0,0
14757395258967641292,1,-1,-7,-11,-4,-2,0,-1,-25
14757395258967641292,0,0,0,0,0,0,0,0,0
14757395258967641292,0,0,0,0,0,0,0,0,0
14757395258967641292,0,0,0,0,0,0,0,0,0
14757395258967641292,-2,0,0,11,1,-1,-1,0,8
14757395258967641292,-1,-2,-2,0,-3,-3,-2,-2,-15
14757395258967641292,0,0,0,0,0,0,0,0,0
14757395258967641292,1,4,-1,4,1,-2,0,0,7
14757395258967641292,-3,-9,-29,-2,-1,-2,-1,-2,-49
14757395258967641292,0,0,0,0,0,0,0,0,0
14757395258967641292,0,0,0,0,0,0,0,0,0
14757395258967641292,0,0,0,0,0,0,0,0,0
14757395258967641292,0,1,10,3,0,0,-2,-1,11
14757395258967641292,0,0,0,0,0,0,0,0,0
14757395258967641292,0,0,0,0,0,0,0,0,0
14757395258967641292,0,0,0,0,0,0,0,0,0
14757395258967641292,-1,-1,-4,-9,-2,1,0,-2,-18
14757395258967641292,-1,1,30,-3,-1,-1,-1,-1,23
14757395258967641292,0,0,0,0,0,0,0,0,0
14757395258967641292,-3,-11,-13,-24,-9,-3,-1,-2,-66
14757395258967641292,0,0,0,0,0,0,0,0,0
14757395258967641292,0,7,18,11,4,2,-2,0,40
14757395258967641292,0,0,0,0,0,0,0,0,0
14757395258967641292,0,0,0,0,0,0,0,0,0
14757395258967641292,-4,-7,-17,-5,-2,-2,-2,-2,-41
14757395258967641292,0,0,0,0,0,0,0,0,0
14757395258967641292,0,0,0,0,0,0,0,0,0
14757395258967641292,0,0,0,0,0,0,0,0,0
14757395258967641292,-6,-20,-62,-19,-8,-3,-4,-2,-124
14757395258967641292,0,0,0,0,0,0,0,0,0
14757395258967641292,0,0,0,0,0,0,0,0,0
14757395258967641292,-1,-5,-21,0,-1,-3,-1,-2,-34
14757395258967641292,0,0,0,0,0,0,0,0,0
14757395258967641292,2,6,18,1,4,2,2,-1,34
14757395258967641292,0,0,0,0,0,0,0,0,0
14757395258967641292,0,0,0,0,0,0,0,0,0
14757395258967641292,-1,-3,-21,-10,-4,0,-1,0,-40
14757395258967641292,0,0,0,0,0,0,0,0,0
14757395258967641292,0,0,0,0,0,0,0,0,0
14757395258967641292,0,0,0,0,0,0,0,0,0
14757395258967641292,0,3,16,-7,-3,0,-1,-1,7
14757395258967641292,0,0,0,0,0,0,0,0,0
14757395258967641292,0,0,0,0,0,0,0,0,0
14757395258967641292,4,6,-4,2,2,2,-1,1,12
14757395258967641292,0,0,0,0,0,0,0,0,0
14757395258967641292,-3,-7,-3,2,-3,-1,0,-1,-16
14757395258967641292,0,0,0,0,0,0,0,0,0
14757395258967641292,0,0,0,0,0,0,0,0,0
14757395258967641292,0,-1,-60,-7,1,-1,1,1,-66
14757395258967641292,0,0,0,0,0,0,0,0,0
14757395258967641292,0,0,0,0,0,0,0,0,0
14757395258967641292,0,0,0,0,0,0,0,0,0
14757395258967641292,2,-1,-10,-1,-1,-2,-1,0,-14
14757395258967641292,0,0,0,0,0,0,0,0,0
14757395258967641292,4,14,50,23,7,1,2,1,102
14757395258967641292,-3,-5,-42,-11,-3,0,0,-3,-67
14757395258967641292,0,0,0,0,0,0,0,0,0
14757395258967641292,-1,0,13,5,-2,-3,-2,0,10
14757395258967641292,0,0,0,0,0,0,0,0,0
14757395258967641292,0,0,0,0,0,0,0,0,0
14757395258967641292,-4,-1,-14,1,1,0,-2,-2,-21
14757395258967641292,0,0,0,0,0,0,0,0,0
14757395258967641292,0,0,0,0,0,0,0,0,0
14757395258967641292,0,0,0,0,0,0,0,0,0
14757395258967641292,-2,-4,13,2,-1,-3,-2,-3,0
14757395258967641292,0,0,0,0,0,0,0,0,0
14757395258967641292,0,0,0,0,0,0,0,0,0
14757395258967641292,0,1,2,-8,-1,1,0,0,-5
14757395258967641292,0,0,0,0,0,0,0,0,0
14757395258967641292,0,-4,19,3,-2,-2,-1,0,13
14757395258967641292,0,0,0,0,0,0,0,0,0
14757395258967641292,0,0,0,0,0,0,0,0,0
14757395258967641292,0,-2,-5,-4,-1,2,0,0,-10
14757395258967641292,0,0,0,0,0,0,0,0,0
14757395258967641292,0,0,0,0,0,0,0,0,0
14757395258967641292,0,0,0,0,0,0,0,0,0
14757395258967641292,-3,-10,-11,-8,-5,-4,-4,-3,-48
14757395258967641292,0,0,0,0,0,0,0,0,0
14757395258967641292,0,0,0,0,0,0,0,0,0
14757395258967641292,-2,1,5,4,0,-1,-2,-2,3
14757395258967641292,0,0,0,0,0,0,0,0,0
14757395258967641292,-1,2,2,-1,-1,-1,-2,-1,-3
14757395258967641292,0,0,0,0,0,0,0,0,0
14757395258967641292,0,0,0,0,0,0,0,0,0
14757395258967641292,0,-2,-9,-7,-1,-2,-1,1,-21
14757395258967641292,0,0,0,0,0,0,0,0,0
14757395258967641292,0,0,0,0,0,0,0,0,0
14757395258967641292,0,0,0,0,0,0,0,0,0
14757395258967641292,2,6,29,8,1,-2,-1,1,44
14757395258967641292,-3,-5,2,-6,-4,1,-1,-1,-17
14757395258967641292,0,0,0,0,0,0,0,0,0
14757395258967641292,1,-3,1,1,-1,0,-2,-1,-4
14757395258967641292,0,0,0,0,0,0,0,0,0
14757395258967641292,-1,5,27,5,2,-1,2,-1,38
14757395258967641292,0,0,0,0,0,0,0,0,0
14757395258967641292,0,0,0,0,0,0,0,0,0
14757395258967641292,-1,1,1,-1,-2,-2,-3,0,-7
14757395258967641292,0,0,0,0,0,0,0,0,0
14757395258967641292,0,0,0,0,0,0,0,0,0
14757395258967641292,0,0,0,0,0,0,0,0,0
14757395258967641292,3,6,0,-5,-3,-1,-1,1,0
14757395258967641292,0,0,0,0,0,0,0,0,0
14757395258967641292,0,0,0,0,0,0,0,0,0
14757395258967641292,0,0,0,0,0,0,0,0,0
14757395258967641292,0,0,0,0,0,0,0,0,0
14757395258967641292,1,0,1,5,2,-1,1,-2,7
14757395258967641292,0,0,0,0,0,0,0,0,0
14757395258967641292,0,0,0,0,0,0,0,0,0
14757395258967641292,-3,-3,-16,-3,0,0,0,0,-25
14757395258967641292,0,0,0,0,0,0,0,0,0
14757395258967641292,0,0,0,0,0,0,0,0,0
14757395258967641292,0,0,0,0,0,0,0,0,0
14757395258967641292,-2,-5,-18,-6,-2,0,-3,-1,-37
14757395258967641292,0,0,0,0,0,0,0,0,0
14757395258967641292,0,0,0,0,0,0,0,0,0
14757395258967641292,0,0,0,0,0,0,0,0,0
14757395258967641292,0,0,0,0,0,0,0,0,0
14757395258967641292,-2,-2,1,-1,-1,0,0,-2,-7
14757395258967641292,0,0,0,0,0,0,0,0,0
14757395258967641292,0,0,0,0,0,0,0,0,0
14757395258967641292,-3,-5,-4,-1,-3,-2,-1,-3,-22
14757395258967641292,0,0,0,0,0,0,0,0,0
14757395258967641292,0,0,0,0,0,0,0,0,0
14757395258967641292,0,0,0,0,0,0,0,0,0
14757395258967641292,-2,3,5,5,1,0,-1,-1,10
14757395258967641292,0,0,0,0,0,0,0,0,0
14757395258967641292,0,0,0,0,0,0,0,0,0
14757395258967641292,0,0,0,0,0,0,0,0,0
14757395258967641292,0,0,0,0,0,0,0,0,0
14757395258967641292,-1,0,7,5,-4,0,-2,-1,4
14757395258967641292,0,0,0,0,0,0,0,0,0
14757395258967641292,-3,2,-2,3,-1,1,0,0,0
14757395258967641292,0,0,0,0,0,0,0,0,0
14757395258967641292,1,4,19,2,0,-2,-1,-1,22
14757395258967641292,0,0,0,0,0,0,0,0,0
14757395258967641292,0,0,0,0,0,0,0,0,0
14757395258967641292,-1,-4,-11,0,-2,1,-2,-2,-21
14757395258967641292,0,0,0,0,0,0,0,0,0
14757395258967641292,0,0,0,0,0,0,0,0,0
14757395258967641292,0,0,0,0,0,0,0,0,0
14757395258967641292,0,0,0,0,0,0,0,0,0
14757395258967641292,-1,-4,-2,-4,-2,0,-1,-2,-16
14757395258967641292,0,0,0,0,0,0,0,0,0
14757395258967641292,0,0,0,0,0,0,0,0,0
14757395258967641292,-1,-3,-10,0,0,-2,-1,-1,-18
14757395258967641292,-1,-2,6,-2,-1,-1,0,1,0
14757395258967641292,0,0,0,0,0,0,0,0,0
14757395258967641292,0,0,0,0,0,0,0,0,0
14757395258967641292,-1,-3,-5,-1,-2,1,-1,0,-12
14757395258967641292,-2,-2,0,-1,-1,-3,-3,0,-12
14757395258967641292,0,0,0,0,0,0,0,0,0
14757395258967641292,0,0,0,0,0,0,0,0,0
14757395258967641292,0,0,0,0,0,0,0,0,0
14757395258967641292,-1,-1,-3,-6,-3,-2,0,-1,-17
14757395258967641292,0,0,0,0,0,0,0,0,0
14757395258967641292,0,0,0,0,0,0,0,0,0
14757395258967641292,-2,-6,-21,-8,-4,-2,-1,-3,-47
14757395258967641292,0,0,2,2,0,-1,-2,0,1
14757395258967641292,0,0,0,0,0,0,0,0,0
14757395258967641292,0,0,0,0,0,0,0,0,0
14757395258967641292,1,-1,3,-6,0,-2,0,-1,-6
14757395258967641292,0,-3,-7,-4,-2,0,-1,0,-17
14757395258967641292,0,0,0,0,0,0,0,0,0
14757395258967641292,0,0,0,0,0,0,0,0,0
14757395258967641292,0,0,0,0,0,0,0,0,0
14757395258967641292,0,3,-4,-3,-2,-3,0,-1,-10
14757395258967641292,0,0,0,0,0,0,0,0,0
14757395258967641292,0,0,0,0,0,0,0,0,0
14757395258967641292,-2,0,5,9,2,-2,-2,-1,9
14757395258967641292,-1,-3,-6,-4,1,1,1,0,-11
14757395258967641292,0,0,0,0,0,0,0,0,0
14757395258967641292,0,0,0,0,0,0,0,0,0
14757395258967641292,1,3,11,-3,-2,-2,1,-1,8
14757395258967641292,-4,-5,-15,1,-3,-1,-1,-1,-29
14757395258967641292,0,0,0,0,0,0,0,0,0
14757395258967641292,0,0,0,0,0,0,0,0,0
14757395258967641292,0,0,0,0,0,0,0,0,0
14757395258967641292,-4,-5,9,3,-1,0,-1,-2,-1
14757395258967641292,0,0,0,0,0,0,0,0,0
14757395258967641292,0,0,0,0,0,0,0,0,0
14757395258967641292,0,1,-3,-3,-3,-3,-1,-1,-13
14757395258967641292,-2,-2,2,-2,0,0,-3,-2,-9
14757395258967641292,0,0,0,0,0,0,0,0,0
14757395258967641292,0,0,0,0,0,0,0,0,0
14757395258967641292,1,0,2,0,0,0,0,0,3
14757395258967641292,0,2,3,6,0,-3,-1,-2,5
14757395258967641292,0,0,0,0,0,0,0,0,0
14757395258967641292,0,0,0,0,0,0,0,0,0
14757395258967641292,0,0,0,0,0,0,0,0,0
14757395258967641292,0,1,-3,4,1,-1,1,0,3
14757395258967641292,0,0,0,0,0,0,0,0,0
14757395258967641292,0,0,0,0,0,0,0,0,0
14757395258967641292,-4,-15,-19,-9,-5,-1,-3,-3,-59
14757395258967641292,1,0,-3,-3,1,1,0,1,-2
14757395258967641292,0,0,0,0,0,0,0,0,0
14757395258967641292,0,0,0,0,0,0,0,0,0
14757395258967641292,-1,-3,-5,-10,-6,-2,-2,-3,-32
14757395258967641292,0,0,0,0,0,0,0,0,0
14757395258967641292,0,0,0,0,0,0,0,0,0
14757395258967641292,0,0,0,0,0,0,0,0,0
14757395258967641292,0,0,0,0,0,0,0,0,0
14757395258967641292,-1,2,-9,0,-2,0,1,-2,-11
14757395258967641292,0,0,0,0,0,0,0,0,0
14757395258967641292,-1,5,-5,2,1,0,-2,-1,-1
14757395258967641292,0,0,0,0,0,0,0,0,0
14757395258967641292,1,1,8,0,2,1,1,1,15
14757395258967641292,0,0,0,0,0,0,0,0,0
14757395258967641292,0,0,0,0,0,0,0,0,0
14757395258967641292,-5,-9,-23,-10,-3,-1,-3,-2,-56
14757395258967641292,0,0,0,0,0,0,0,0,0
14757395258967641292,0,0,0,0,0,0,0,0,0
14757395258967641292,0,0,0,0,0,0,0,0,0
14757395258967641292,0,0,0,0,0,0,0,0,0
14757395258967641292,0,3,6,8,0,-2,0,-2,13
14757395258967641292,0,0,0,0,0,0,0,0,0
14757395258967641292,-2,-5,6,0,-2,1,-1,-2,-5
14757395258967641292,0,0,0,0,0,0,0,0,0
14757395258967641292,-1,1,11,3,-2,-1,-1,1,11
14757395258967641292,0,0,0,0,0,0,0,0,0
14757395258967641292,0,0,0,0,0,0,0,0,0
14757395258967641292,-1,-1,-5,-6,-3,-1,-2,1,-18
14757395258967641292,0,0,0,0,0,0,0,0,0
14757395258967641292,0,0,0,0,0,0,0,0,0
14757395258967641292,0,0,0,0,0,0,0,0,0
14757395258967641292,0,0,0,0,0,0,0,0,0
14757395258967641292,-2,0,4,-1,0,-2,0,-2,-3
14757395258967641292,0,0,0,0,0,0,0,0,0
14757395258967641292,-1,-2,1,-1,-2,-2,-2,1,-8
14757395258967641292,0,0,0,0,0,0,0,0,0
14757395258967641292,1,-3,1,0,0,-2,-1,0,-4
14757395258967641292,0,0,0,0,0,0,0,0,0
14757395258967641292,0,0,0,0,0,0,0,0,0
14757395258967641292,-1,-4,5,-1,2,1,-2,-1,-1
14757395258967641292,0,-3,-22,1,-1,0,-2,-2,-29
14757395258967641292,0,0,0,0,0,0,0,0,0
14757395258967641292,0,0,0,0,0,0,0,0,0
14757395258967641292,0,0,0,0,0,0,0,0,0
14757395258967641292,0,0,5,-3,1,0,-1,-1,1
14757395258967641292,0,0,0,0,0,0,0,0,0
14757395258967641292,-1,1,-2,6,1,0,-1,1,5
14757395258967641292,0,0,0,0,0,0,0,0,0
14757395258967641292,-3,-2,-1,-7,-1,-1,-2,1,-16
14757395258967641292,0,0,0,0,0,0,0,0,0
14757395258967641292,0,0,0,0,0,0,0,0,0
14757395258967641292,1,6,6,0,0,1,-1,0,13
14757395258967641292,0,0,0,0,0,0,0,0,0
14757395258967641292,0,0,0,0,0,0,0,0,0
14757395258967641292,0,0,0,0,0,0,0,0,0
14757395258967641292,0,0,0,0,0,0,0,0,0
14757395258967641292,0,1,6,-1,-1,-2,-1,0,2
14757395258967641292,0,0,0,0,0,0,0,0,0
14757395258967641292,0,3,8,3,0,1,-1,0,14
14757395258967641292,0,0,0,0,0,0,0,0,0
14757395258967641292,-1,-5,-4,-6,-3,-2,-2,-3,-26
14757395258967641292,0,0,0,0,0,0,0,0,0
14757395258967641292,0,0,0,0,0,0,0,0,0
14757395258967641292,-1,4,23,2,0,-2,-2,-2,22
14757395258967641292,0,0,0,0,0,0,0,0,0
14757395258967641292,0,0,0,0,0,0,0,0,0
14757395258967641292,0,0,0,0,0,0,0,0,0
14757395258967641292,0,0,0,0,0,0,0,0,0
14757395258967641292,-2,2,10,8,-2,-1,-2,-1,12
14757395258967641292,0,0,0,0,0,0,0,0,0
14757395258967641292,0,0,1,3,1,1,-1,-3,2
14757395258967641292,0,0,0,0,0,0,0,0,0
14757395258967641292,-1,-2,-4,6,-2,0,-1,-1,-5
14757395258967641292,0,0,0,0,0,0,0,0,0
14757395258967641292,0,0,0,0,0,0,0,0,0
14757395258967641292,-2,-2,-7,3,3,1,0,-1,-5
14757395258967641292,0,0,0,0,0,0,0,0,0
14757395258967641292,0,0,0,0,0,0,0,0,0
14757395258967641292,0,0,0,0,0,0,0,0,0
14757395258967641292,0,0,0,0,0,0,0,0,0
14757395258967641292,0,-1,-1,-5,-3,0,1,-2,-11
14757395258967641292,0,0,0,0,0,0,0,0,0
14757395258967641292,0,-3,-9,0,-1,-4,0,-2,-19
14757395258967641292,0,0,0,0,0,0,0,0,0
14757395258967641292,-2,-5,-6,0,-1,-2,-2,-2,-20
14757395258967641292,0,0,0,0,0,0,0,0,0
14757395258967641292,0,0,0,0,0,0,0,0,0
14757395258967641292,-2,-5,-8,3,-1,-1,0,-1,-15
14757395258967641292,0,0,0,0,0,0,0,0,0
14757395258967641292,0,0,0,0,0,0,0,0,0
14757395258967641292,0,0,0,0,0,0,0,0,0
14757395258967641292,0,0,0,0,0,0,0,0,0
14757395258967641292,-1,-2,-1,-5,-1,-2,0,0,-12
14757395258967641292,0,0,0,0,0,0,0,0,0
14757395258967641292,-2,-1,3,-1,-1,-1,-1,-1,-5
14757395258967641292,0,0,0,0,0,0,0,0,0
14757395258967641292,0,0,0,8,2,0,0,0,10
14757395258967641292,0,0,0,0,0,0,0,0,0
14757395258967641292,0,0,0,0,0,0,0,0,0
14757395258967641292,-3,-7,-17,-13,-5,-4,-2,-2,-53
14757395258967641292,1,-1,-10,-5,-1,-2,-1,-2,-21
14757395258967641292,0,0,0,0,0,0,0,0,0
14757395258967641292,0,0,0,0,0,0,0,0,0
14757395258967641292,0,0,0,0,0,0,0,0,0
14757395258967641292,-2,0,-2,-4,-2,1,-1,1,-9
14757395258967641292,0,0,0,0,0,0,0,0,0
14757395258967641292,0,0,0,0,0,0,0,0,0
14757395258967641292,0,0,0,0,0,0,0,0,0
14757395258967641292,0,0,0,0,0,0,0,0,0
14757395258967641292,0,0,0,0,0,0,0,0,0
14757395258967641292,-2,-3,-2,-2,-2,0,-2,-1,-14
14757395258967641292,2,4,9,-4,-1,-3,0,1,8
14757395258967641292,0,0,0,0,0,0,0,0,0
14757395258967641292,0,0,0,0,0,0,0,0,0
14757395258967641292,0,0,0,0,0,0,0,0,0
14757395258967641292,0,0,0,0,0,0,0,0,0
14757395258967641292,-2,-2,-2,-3,-1,-2,0,-1,-13
14757395258967641292,0,0,0,0,0,0,0,0,0
14757395258967641292,0,0,0,0,0,0,0,0,0
14757395258967641292,0,0,0,0,0,0,0,0,0
14757395258967641292,-2,1,2,8,2,0,0,0,11
14757395258967641292,-1,0,-3,-10,-4,-2,-1,0,-21
14757395258967641292,0,0,0,0,0,0,0,0,0
14757395258967641292,1,0,2,6,0,-1,0,-1,7
14757395258967641292,0,0,0,0,0,0,0,0,0
14757395258967641292,0,0,0,0,0,0,0,0,0
14757395258967641292,0,0,0,0,0,0,0,0,0
14757395258967641292,0,0,0,0,0,0,0,0,0
14757395258967641292,-1,-2,-8,-8,-1,0,-1,0,-21
14757395258967641292,0,0,0,0,0,0,0,0,0
14757395258967641292,0,0,0,0,0,0,0,0,0
14757395258967641292,0,0,0,0,0,0,0,0,0
14757395258967641292,-1,-2,-1,-3,-1,0,-1,-2,-11
14757395258967641292,0,0,0,0,0,0,0,0,0
14757395258967641292,0,0,0,0,0,0,0,0,0
14757395258967641292,-1,-4,-8,-1,0,1,0,-2,-15
14757395258967641292,-2,3,-2,0,2,-1,-1,-1,-2
14757395258967641292,0,0,0,0,0,0,0,0,0
14757395258967641292,0,0,0,0,0,0,0,0,0
14757395258967641292,0,0,0,0,0,0,0,0,0
14757395258967641292,-1,-2,0,1,1,0,-2,-2,-5
14757395258967641292,0,0,0,0,0,0,0,0,0
14757395258967641292,0,0,0,0,0,0,0,0,0
14757395258967641292,0,0,0,0,0,0,0,0,0
14757395258967641292,-1,-1,3,4,0,0,1,-1,5
14757395258967641292,0,0,0,0,0,0,0,0,0
14757395258967641292,0,0,0,0,0,0,0,0,0
14757395258967641292,-2,-7,-8,0,-2,-1,-2,-1,-23
14757395258967641292,1,-2,2,-2,-4,-2,2,-2,-7
14757395258967641292,0,0,0,0,0,0,0,0,0
14757395258967641292,0,0,0,0,0,0,0,0,0
14757395258967641292,0,0,0,0,0,0,0,0,0
14757395258967641292,0,3,-5,0,-2,0,-1,-1,-6
14757395258967641292,0,0,0,0,0,0,0,0,0
14757395258967641292,0,0,0,0,0,0,0,0,0
14757395258967641292,0,0,0,0,0,0,0,0,0
14757395258967641292,0,1,4,4,1,-1,-2,-1,6
14757395258967641292,0,0,0,0,0,0,0,0,0
14757395258967641292,0,0,0,0,0,0,0,0,0
14757395258967641292,-1,0,1,-3,0,-1,-1,-2,-7
14757395258967641292,-2,2,0,2,-2,-1,-1,0,-2
14757395258967641292,0,0,0,0,0,0,0,0,0
14757395258967641292,0,0,0,0,0,0,0,0,0
14757395258967641292,0,0,0,0,0,0,0,0,0
14757395258967641292,-2,0,-2,1,-1,-1,-2,0,-7
14757395258967641292,0,0,0,0,0,0,0,0,0
14757395258967641292,0,0,0,0,0,0,0,0,0
14757395258967641292,0,0,0,0,0,0,0,0,0
14757395258967641292,-1,-5,-8,-5,-4,-2,-1,-2,-28
14757395258967641292,0,0,0,0,0,0,0,0,0
14757395258967641292,0,0,0,0,0,0,0,0,0
14757395258967641292,0,0,0,0,0,0,0,0,0
14757395258967641292,0,0,0,0,0,0,0,0,0
14757395258967641292,-2,-5,-4,2,0,0,0,-1,-10
14757395258967641292,0,0,0,0,0,0,0,0,0
14757395258967641292,0,0,0,0,0,0,0,0,0
14757395258967641292,0,-3,-6,-5,-4,-2,0,1,-19
14757395258967641292,1,1,6,0,0,-3,-1,0,4
14757395258967641292,0,0,0,0,0,0,0,0,0
14757395258967641292,0,0,0,0,0,0,0,0,0
14757395258967641292,1,0,0,-2,0,0,-1,-2,-4
14757395258967641292,0,0,0,0,0,0,0,0,0
14757395258967641292,-1,1,-1,5,-1,0,1,-1,3
14757395258967641292,0,0,0,0,0,0,0,0,0
14757395258967641292,0,0,0,0,0,0,0,0,0
14757395258967641292,-2,-3,2,0,-1,-1,-3,0,-8
14757395258967641292,0,0,0,0,0,0,0,0,0
14757395258967641292,0,0,0,0,0,0,0,0,0
14757395258967641292,-1,-2,1,0,-4,0,-2,1,-7
14757395258967641292,-1,1,2,1,0,-1,-2,-2,-2
14757395258967641292,0,0,0,0,0,0,0,0,0
14757395258967641292,0,0,0,0,0,0,0,0,0
14757395258967641292,0,0,-4,-1,0,1,1,-1,-4
14757395258967641292,-3,-1,-14,4,0,0,-3,-1,-18
14757395258967641292,0,0,0,0,0,0,0,0,0
14757395258967641292,0,0,0,0,0,0,0,0,0
14757395258967641292,0,0,0,0,0,0,0,0,0
14757395258967641292,0,4,4,0,2,1,2,-1,12
14757395258967641292,0,0,0,0,0,0,0,0,0
14757395258967641292,0,0,0,0,0,0,0,0,0
14757395258967641292,-3,-2,-1,0,-2,-2,-1,-1,-12
14757395258967641292,0,0,0,-3,-3,-2,0,0,-8
14757395258967641292,0,0,0,0,0,0,0,0,0
14757395258967641292,0,0,0,0,0,0,0,0,0
14757395258967641292,-1,0,3,5,0,-1,-2,1,5
14757395258967641292,-1,-4,-3,-1,-1,-2,0,-2,-14
14757395258967641292,0,0,0,0,0,0,0,0,0
14757395258967641292,0,0,0,0,0,0,0,0,0
14757395258967641292,0,0,0,0,0,0,0,0,0
14757395258967641292,-2,-6,-4,-12,-4,0,-2,-1,-31
14757395258967641292,0,0,0,0,0,0,0,0,0
14757395258967641292,0,0,0,0,0,0,0,0,0
14757395258967641292,-1,0,6,12,0,2,-1,-1,17
14757395258967641292,-1,-2,0,-1,-3,-1,0,-2,-10
14757395258967641292,0,0,0,0,0,0,0,0,0
14757395258967641292,0,0,0,0,0,0,0,0,0
14757395258967641292,-1,-3,-1,4,-1,-1,-1,0,-4
14757395258967641292,-3,-2,-3,-1,-1,-4,-1,0,-15
14757395258967641292,0,0,0,0,0,0,0,0,0
14757395258967641292,0,0,0,0,0,0,0,0,0
14757395258967641292,0,0,0,0,0,0,0,0,0
14757395258967641292,0,-1,-2,4,-2,-1,-2,1,-3
14757395258967641292,0,0,0,0,0,0,0,0,0
14757395258967641292,0,0,0,0,0,0,0,0,0
14757395258967641292,1,-1,1,-18,-5,-4,0,-1,-27
14757395258967641292,-2,1,-11,-1,1,2,0,-3,-13
14757395258967641292,0,0,0,0,0,0,0,0,0
14757395258967641292,0,0,0,0,0,0,0,0,0
14757395258967641292,0,1,0,6,1,-2,-2,0,4
14757395258967641292,-3,-4,10,-3,-1,-1,0,-1,-3
14757395258967641292,0,0,0,0,0,0,0,0,0
14757395258967641292,0,0,0,0,0,0,0,0,0
14757395258967641292,0,0,0,0,0,0,0,0,0
14757395258967641292,-1,-1,1,1,2,0,-2,-3,-3
14757395258967641292,0,0,0,0,0,0,0,0,0
14757395258967641292,0,0,0,0,0,0,0,0,0
14757395258967641292,-2,-5,-16,-7,-3,-2,-3,-3,-41
14757395258967641292,1,2,-2,-5,-3,-1,-1,0,-9
14757395258967641292,0,0,0,0,0,0,0,0,0
14757395258967641292,0,0,0,0,0,0,0,0,0
14757395258967641292,0,3,4,3,1,0,1,0,12
14757395258967641292,0,2,0,-5,-2,0,1,1,-3
14757395258967641292,0,0,0,0,0,0,0,0,0
14757395258967641292,0,0,0,0,0,0,0,0,0
14757395258967641292,0,0,0,0,0,0,0,0,0
14757395258967641292,-3,-1,2,3,0,-1,-1,-1,-2
14757395258967641292,0,0,0,0,0,0,0,0,0
14757395258967641292,-2,-3,-3,-3,-1,0,-1,-1,-14
14757395258967641292,0,0,0,0,0,0,0,0,0
14757395258967641292,1,-1,4,-3,3,-1,-1,-1,1
14757395258967641292,0,0,0,0,0,0,0,0,0
14757395258967641292,0,0,0,0,0,0,0,0,0
14757395258967641292,-4,-4,2,2,-2,-1,-1,-1,-9
14757395258967641292,0,-3,-1,4,-1,-3,-1,-2,-7
14757395258967641292,0,0,0,0,0,0,0,0,0
14757395258967641292,0,0,0,0,0,0,0,0,0
14757395258967641292,0,0,0,0,0,0,0,0,0
14757395258967641292,-1,-3,-1,-5,-3,-1,-2,-1,-17
14757395258967641292,0,0,0,0,0,0,0,0,0
14757395258967641292,-2,-2,-9,-3,-2,0,1,-1,-18
14757395258967641292,0,0,0,0,0,0,0,0,0
14757395258967641292,-3,-5,-3,3,-1,-3,-2,-1,-15
14757395258967641292,0,0,0,0,0,0,0,0,0
14757395258967641292,0,0,0,0,0,0,0,0,0
14757395258967641292,2,3,10,7,-1,-3,-1,-2,15
14757395258967641292,-2,-1,-8,-7,-2,-2,0,-2,-24
14757395258967641292,0,0,0,0,0,0,0,0,0
14757395258967641292,0,0,0,0,0,0,0,0,0
14757395258967641292,0,0,0,0,0,0,0,0,0
14757395258967641292,1,2,-1,-1,0,-1,0,-1,-1
14757395258967641292,0,0,0,0,0,0,0,0,0
14757395258967641292,0,3,3,1,-1,1,-2,1,6
14757395258967641292,0,0,0,0,0,0,0,0,0
14757395258967641292,2,2,4,0,-1,-1,0,0,6
14757395258967641292,0,0,0,0,0,0,0,0,0
14757395258967641292,0,0,0,0,0,0,0,0,0
14757395258967641292,-3,-10,-18,-8,-3,-1,-2,-2,-47
14757395258967641292,-1,-1,0,4,0,0,-1,-3,-2
14757395258967641292,0,0,0,0,0,0,0,0,0
14757395258967641292,0,0,0,0,0,0,0,0,0
14757395258967641292,0,0,0,0,0,0,0,0,0
14757395258967641292,-1,-6,8,2,-3,-2,0,-1,-3
14757395258967641292,0,0,0,0,0,0,0,0,0
14757395258967641292,0,0,0,0,0,0,0,0,0
14757395258967641292,-1,-1,-5,-1,1,-1,1,0,-7
14757395258967641292,0,1,-2,-3,0,0,0,-1,-5
14757395258967641292,0,0,0,0,0,0,0,0,0
14757395258967641292,0,0,0,0,0,0,0,0,0
14757395258967641292,-2,3,0,-3,-1,-2,0,0,-5
14757395258967641292,-1,-3,-5,-5,-2,1,-3,-1,-19
14757395258967641292,0,0,0,0,0,0,0,0,0
14757395258967641292,0,0,0,0,0,0,0,0,0
14757395258967641292,0,0,0,0,0,0,0,0,0
14757395258967641292,4,13,25,5,2,-1,5,8,61
14757395258967641292,0,0,0,0,0,0,0,0,0
14757395258967641292,0,0,0,0,0,0,0,0,0
14757395258967641292,-9,-11,-6,-8,-6,-5,-13,-13,-71
14757395258967641292,-8,-8,-26,6,2,2,1,0,-31
14757395258967641292,0,0,0,0,0,0,0,0,0
14757395258967641292,0,0,0,0,0,0,0,0,0
14757395258967641292,6,4,18,11,4,4,10,23,80
14757395258967641292,-52,-1,-10,-11,-8,-14,-26,-33,-155
14757395258967641292,0,0,0,0,0,0,0,0,0
14757395258967641292,0,0,0,0,0,0,0,0,0
14757395258967641292,0,0,0,0,0,0,0,0,0
14757395258967641292,-5,-47,-54,-43,-22,-4,14,-11,-172
14757395258967641292,0,0,0,0,0,0,0,0,0
14757395258967641292,0,0,0,0,0,0,0,0,0
14757395258967641292,3,10,-75,-22,-1,-4,2,-11,-98
14757395258967641292,24,25,59,17,10,4,7,6,152
14757395258967641292,0,0,0,0,0,0,0,0,0
14757395258967641292,0,0,0,0,0,0,0,0,0
14757395258967641292,18,3,37,13,5,11,17,30,134
14757395258967641292,11,8,-20,-3,0,2,-11,55,42
14757395258967641292,0,0,0,0,0,0,0,0,0
14757395258967641292,0,0,0,0,0,0,0,0,0
14757395258967641292,0,0,0,0,0,0,0,0,0
14757395258967641292,1,6,-33,-8,3,0,-7,-18,-56
14757395258967641292,0,0,0,0,0,0,0,0,0
14757395258967641292,-18,-7,86,5,-9,-2,-6,-4,45
14757395258967641292,0,0,0,0,0,0,0,0,0
14757395258967641292,20,-3,58,13,2,6,4,9,109
14757395258967641292,0,0,0,0,0,0,0,0,0
14757395258967641292,0,0,0,0,0,0,0,0,0
14757395258967641292,-18,-11,1,-1,1,4,-1,-16,-41
14757395258967641292,-2,-1,14,-5,-1,-3,-2,-10,-10
14757395258967641292,0,0,0,0,0,0,0,0,0
14757395258967641292,0,0,0,0,0,0,0,0,0
14757395258967641292,0,0,0,0,0,0,0,0,0
14757395258967641292,2,0,-26,10,1,-3,0,-2,-18
14757395258967641292,0,0,0,0,0,0,0,0,0
14757395258967641292,0,0,0,0,0,0,0,0,0
14757395258967641292,0,0,0,0,0,0,0,0,0
14757395258967641292,-6,-4,-34,-5,-3,-1,-5,6,-52
14757395258967641292,-4,-1,4,8,-2,-1,2,-15,-9
14757395258967641292,0,0,0,0,0,0,0,0,0
14757395258967641292,-15,-13,-21,-6,-2,-2,-7,2,-64
14757395258967641292,1,6,11,5,0,0,2,3,28
14757395258967641292,0,0,0,0,0,0,0,0,0
14757395258967641292,0,0,0,0,0,0,0,0,0
14757395258967641292,0,0,0,0,0,0,0,0,0
14757395258967641292,4,8,2,10,1,1,0,1,27
14757395258967641292,0,0,0,0,0,0,0,0,0
14757395258967641292,0,0,0,0,0,0,0,0,0
14757395258967641292,0,0,0,0,0,0,0,0,0
14757395258967641292,-5,-4,-27,0,1,-3,-2,-4,-44
14757395258967641292,-6,-12,9,-8,-3,2,-2,-3,-23
14757395258967641292,0,0,0,0,0,0,0,0,0
14757395258967641292,-1,-5,9,-4,1,1,0,3,4
14757395258967641292,-1,5,-12,1,2,1,1,0,-3
14757395258967641292,0,0,0,0,0,0,0,0,0
14757395258967641292,0,0,0,0,0,0,0,0,0
14757395258967641292,0,0,0,0,0,0,0,0,0
14757395258967641292,0,4,-6,-5,-1,0,1,2,-5
14757395258967641292,-4,-9,-5,-7,-2,-1,0,-3,-31
14757395258967641292,0,0,0,0,0,0,0,0,0
14757395258967641292,0,0,0,0,0,0,0,0,0
14757395258967641292,0,1,5,5,-3,0,-2,1,7
14757395258967641292,-3,-3,-29,-6,0,-2,-2,-3,-48
14757395258967641292,0,0,0,0,0,0,0,0,0
14757395258967641292,0,-3,-5,-1,-2,-1,-1,0,-13
14757395258967641292,1,8,0,5,1,-1,1,3,18
14757395258967641292,0,0,0,0,0,0,0,0,0
14757395258967641292,0,0,0,0,0,0,0,0,0
14757395258967641292,0,0,0,0,0,0,0,0,0
14757395258967641292,0,0,9,2,0,-1,0,1,11
14757395258967641292,0,0,0,0,0,0,0,0,0
14757395258967641292,0,0,0,0,0,0,0,0,0
14757395258967641292,0,0,0,0,0,0,0,0,0
14757395258967641292,1,6,1,4,-1,-1,-2,1,9
14757395258967641292,0,-5,0,-3,-2,0,-1,-1,-12
14757395258967641292,0,0,0,0,0,0,0,0,0
14757395258967641292,0,6,-4,6,2,-2,1,2,11
14757395258967641292,-5,-7,1,-9,-6,0,-3,-6,-35
14757395258967641292,0,0,0,0,0,0,0,0,0
14757395258967641292,0,0,0,0,0,0,0,0,0
14757395258967641292,0,0,0,0,0,0,0,0,0
14757395258967641292,0,1,-5,-4,-1,0,-2,-3,-14
14757395258967641292,0,0,0,0,0,0,0,0,0
14757395258967641292,0,0,0,0,0,0,0,0,0
14757395258967641292,0,0,0,0,0,0,0,0,0
14757395258967641292,-1,1,22,2,-2,-3,1,-3,17
14757395258967641292,0,-4,25,-2,-2,-1,-2,-1,13
14757395258967641292,0,0,0,0,0,0,0,0,0
14757395258967641292,-3,-7,-16,-10,-3,-2,-4,-3,-48
14757395258967641292,0,1,-20,0,1,-2,2,2,-16
14757395258967641292,0,0,0,0,0,0,0,0,0
14757395258967641292,0,0,0,0,0,0,0,0,0
14757395258967641292,0,0,0,0,0,0,0,0,0
14757395258967641292,0,2,5,5,-1,-2,0,0,9
14757395258967641292,0,0,0,0,0,0,0,0,0
14757395258967641292,0,0,0,0,0,0,0,0,0
14757395258967641292,0,0,0,0,0,0,0,0,0
14757395258967641292,-1,0,5,-2,-1,0,0,0,1
14757395258967641292,-4,-8,-22,-6,-3,-3,-4,-3,-53
14757395258967641292,0,0,0,0,0,0,0,0,0
14757395258967641292,0,-1,4,3,-1,0,0,3,8
14757395258967641292,0,0,0,0,0,0,0,0,0
14757395258967641292,1,5,10,4,-1,-4,-1,-2,12
14757395258967641292,0,0,0,0,0,0,0,0,0
14757395258967641292,0,0,0,0,0,0,0,0,0
14757395258967641292,-1,-3,-5,1,-1,-2,-1,1,-11
14757395258967641292,0,0,0,0,0,0,0,0,0
14757395258967641292,0,0,0,0,0,0,0,0,0
14757395258967641292,0,0,0,0,0,0,0,0,0
14757395258967641292,0,0,10,3,0,-4,-2,-4,3
14757395258967641292,0,0,9,-2,0,0,0,-3,4
14757395258967641292,0,0,0,0,0,0,0,0,0
14757395258967641292,2,2,0,6,1,-2,0,0,9
14757395258967641292,0,0,0,0,0,0,0,0,0
14757395258967641292,0,0,-27,-6,-1,-1,-2,-2,-39
14757395258967641292,0,0,0,0,0,0,0,0,0
14757395258967641292,0,0,0,0,0,0,0,0,0
14757395258967641292,0,0,20,-3,-2,0,2,0,17
14757395258967641292,0,0,0,0,0,0,0,0,0
14757395258967641292,0,0,0,0,0,0,0,0,0
14757395258967641292,0,0,0,0,0,0,0,0,0
14757395258967641292,-3,-8,-16,-3,-2,-1,0,-3,-36
14757395258967641292,3,3,3,4,1,-2,0,0,12
14757395258967641292,0,0,0,0,0,0,0,0,0
14757395258967641292,-3,-5,1,-2,-1,-3,-1,-1,-15
14757395258967641292,0,0,0,0,0,0,0,0,0
14757395258967641292,-3,-5,-6,-5,-1,-3,-2,3,-22
14757395258967641292,0,0,0,0,0,0,0,0,0
14757395258967641292,0,0,0,0,0,0,0,0,0
14757395258967641292,-5,-7,11,-4,-2,0,-3,-5,-15
14757395258967641292,0,0,0,0,0,0,0,0,0
14757395258967641292,0,0,0,0,0,0,0,0,0
14757395258967641292,0,0,0,0,0,0,0,0,0
14757395258967641292,1,3,18,7,2,-3,0,1,29
14757395258967641292,0,0,2,-2,-3,1,-1,-1,-4
14757395258967641292,0,0,0,0,0,0,0,0,0
14757395258967641292,-3,-2,3,-3,-3,-3,-2,-3,-16
14757395258967641292,0,0,0,0,0,0,0,0,0
14757395258967641292,0,0,0,0,0,0,0,0,0
14757395258967641292,-2,0,6,4,1,0,-2,1,8
14757395258967641292,0,0,0,0,0,0,0,0,0
14757395258967641292,-2,-1,8,-1,-2,0,-1,-1,0
14757395258967641292,0,0,0,0,0,0,0,0,0
14757395258967641292,0,0,0,0,0,0,0,0,0
14757395258967641292,0,0,0,0,0,0,0,0,0
14757395258967641292,-2,0,4,3,0,-1,0,-1,3
14757395258967641292,0,-1,-11,3,-1,-2,0,-1,-13
14757395258967641292,0,0,0,0,0,0,0,0,0
14757395258967641292,-1,-3,-10,-3,-1,0,0,-1,-19
14757395258967641292,0,0,0,0,0,0,0,0,0
14757395258967641292,-1,-1,-15,2,4,1,-3,-2,-15
14757395258967641292,0,0,0,0,0,0,0,0,0
14757395258967641292,0,0,0,0,0,0,0,0,0
14757395258967641292,0,2,2,1,0,1,1,1,8
14757395258967641292,0,0,0,0,0,0,0,0,0
14757395258967641292,0,0,0,0,0,0,0,0,0
14757395258967641292,0,0,0,0,0,0,0,0,0
14757395258967641292,0,0,20,8,-1,2,0,0,29
14757395258967641292,-1,-1,-10,-10,-2,-3,-2,0,-29
14757395258967641292,0,0,0,0,0,0,0,0,0
14757395258967641292,1,3,-5,0,-1,-1,0,0,-3
14757395258967641292,0,0,0,0,0,0,0,0,0
14757395258967641292,-2,-3,-5,-5,-3,-1,-1,-4,-24
14757395258967641292,0,0,0,0,0,0,0,0,0
14757395258967641292,0,0,0,0,0,0,0,0,0
14757395258967641292,-2,1,2,-2,-4,-1,-1,-3,-10
14757395258967641292,0,0,0,0,0,0,0,0,0
14757395258967641292,0,0,0,0,0,0,0,0,0
14757395258967641292,0,0,0,0,0,0,0,0,0
14757395258967641292,-2,1,6,5,1,-2,-3,-2,4
14757395258967641292,2,1,0,4,0,1,-2,0,6
14757395258967641292,0,0,0,0,0,0,0,0,0
14757395258967641292,-2,-8,-7,-23,-4,0,-1,1,-44
14757395258967641292,0,0,0,0,0,0,0,0,0
14757395258967641292,0,0,8,0,-2,0,0,0,6
14757395258967641292,0,0,0,0,0,0,0,0,0
14757395258967641292,0,0,0,0,0,0,0,0,0
14757395258967641292,1,0,0,-3,-2,-3,0,1,-6
14757395258967641292,0,0,0,0,0,0,0,0,0
14757395258967641292,0,0,0,0,0,0,0,0,0
14757395258967641292,0,0,0,0,0,0,0,0,0
14757395258967641292,-3,-7,-3,-7,-2,0,-1,-4,-27
14757395258967641292,-3,-6,-1,3,0,-3,-3,0,-13
14757395258967641292,0,0,0,0,0,0,0,0,0
14757395258967641292,-2,-3,3,-17,-6,1,0,-2,-26
14757395258967641292,0,0,0,0,0,0,0,0,0
14757395258967641292,1,1,6,3,3,1,2,1,18
14757395258967641292,0,0,0,0,0,0,0,0,0
14757395258967641292,0,0,0,0,0,0,0,0,0
14757395258967641292,0,-1,-3,-1,0,-2,0,1,-6
14757395258967641292,0,0,0,0,0,0,0,0,0
14757395258967641292,0,0,0,0,0,0,0,0,0
14757395258967641292,0,0,0,0,0,0,0,0,0
14757395258967641292,-2,-5,-3,-2,-2,-2,-3,-3,-22
14757395258967641292,-3,-6,-27,-2,0,-1,-2,-3,-44
14757395258967641292,0,0,0,0,0,0,0,0,0
14757395258967641292,-1,1,-4,5,-2,-1,-2,1,-3
14757395258967641292,0,0,0,0,0,0,0,0,0
14757395258967641292,0,-3,1,-4,-2,1,1,-1,-7
14757395258967641292,0,0,0,0,0,0,0,0,0
14757395258967641292,0,0,0,0,0,0,0,0,0
14757395258967641292,0,0,0,0,0,0,0,0,0
14757395258967641292,1,2,-5,-15,-2,-4,0,-1,-24
14757395258967641292,-1,-2,5,-2,-5,-1,-2,-2,-10
14757395258967641292,0,0,0,0,0,0,0,0,0
14757395258967641292,2,4,7,9,2,0,2,-1,25
14757395258967641292,0,1,2,0,1,-1,-1,0,2
14757395258967641292,0,0,0,0,0,0,0,0,0
14757395258967641292,0,-1,-5,1,1,0,0,-1,-5
14757395258967641292,0,0,0,0,0,0,0,0,0
14757395258967641292,-2,2,14,-2,-4,-1,-2,-2,3
14757395258967641292,0,0,0,0,0,0,0,0,0
14757395258967641292,0,0,0,0,0,0,0,0,0
14757395258967641292,1,1,-6,0,0,-1,0,0,-5
14757395258967641292,0,0,0,0,0,0,0,0,0
14757395258967641292,0,0,0,0,0,0,0,0,0
14757395258967641292,0,0,0,0,0,0,0,0,0
14757395258967641292,-1,-5,0,1,0,0,-1,-1,-7
14757395258967641292,-3,-5,4,0,0,-2,-1,-1,-8
14757395258967641292,0,0,0,0,0,0,0,0,0
14757395258967641292,0,0,0,0,0,0,0,0,0
14757395258967641292,0,0,0,0,0,0,0,0,0
14757395258967641292,1,1,-35,-3,-1,-4,0,-2,-43
14757395258967641292,0,0,0,0,0,0,0,0,0
14757395258967641292,0,0,0,0,0,0,0,0,0
14757395258967641292,0,2,11,3,-3,1,1,0,15
14757395258967641292,-1,0,2,0,0,1,-1,-2,-1
14757395258967641292,0,0,0,0,0,0,0,0,0
14757395258967641292,0,0,0,0,0,0,0,0,0
14757395258967641292,0,1,-2,-1,-1,-2,-2,-2,-9
14757395258967641292,0,4,6,0,-1,0,0,0,9
14757395258967641292,0,0,0,0,0,0,0,0,0
14757395258967641292,0,0,0,0,0,0,0,0,0
14757395258967641292,0,0,0,0,0,0,0,0,0
14757395258967641292,-3,-6,-4,0,0,-3,-1,0,-17
14757395258967641292,0,0,0,0,0,0,0,0,0
14757395258967641292,0,0,0,0,0,0,0,0,0
14757395258967641292,-2,-3,10,-1,-2,0,-2,-2,-2
14757395258967641292,0,0,0,0,0,0,0,0,0
14757395258967641292,0,0,0,0,0,0,0,0,0
14757395258967641292,0,0,0,0,0,0,0,0,0
14757395258967641292,-1,-3,-4,-5,-1,1,-1,-1,-15
14757395258967641292,-1,0,8,-3,-2,-2,0,-1,-1
14757395258967641292,0,0,0,0,0,0,0,0,0
14757395258967641292,0,0,0,0,0,0,0,0,0
14757395258967641292,0,0,0,0,0,0,0,0,0
14757395258967641292,-1,-2,7,1,-2,-2,-2,-2,-3
14757395258967641292,0,0,0,0,0,0,0,0,0
14757395258967641292,0,0,0,0,0,0,0,0,0
14757395258967641292,-1,4,10,4,1,0,-2,-2,14
14757395258967641292,1,1,-3,1,-2,0,0,1,-1
14757395258967641292,0,0,0,0,0,0,0,0,0
14757395258967641292,0,0,0,0,0,0,0,0,0
14757395258967641292,-1,0,-4,2,0,-1,0,-2,-6
14757395258967641292,1,1,8,-2,0,0,0,-1,7
14757395258967641292,0,0,0,0,0,0,0,0,0
14757395258967641292,0,0,0,0,0,0,0,0,0
14757395258967641292,0,0,0,0,0,0,0,0,0
14757395258967641292,-1,-1,-2,-2,-1,-1,-2,0,-10
14757395258967641292,0,0,0,0,0,0,0,0,0
14757395258967641292,0,0,0,0,0,0,0,0,0
14757395258967641292,-3,-9,0,-5,-4,-1,-2,-1,-25
14757395258967641292,-1,0,-26,-11,-1,1,-1,0,-39
14757395258967641292,0,0,0,0,0,0,0,0,0
14757395258967641292,0,0,0,0,0,0,0,0,0
14757395258967641292,-1,1,2,-4,-1,-2,0,0,-5
14757395258967641292,-1,-6,5,-1,-3,-2,-1,-4,-13
14757395258967641292,0,0,0,0,0,0,0,0,0
14757395258967641292,0,0,0,0,0,0,0,0,0
14757395258967641292,0,0,0,0,0,0,0,0,0
14757395258967641292,-1,2,-7,3,0,-1,1,1,-2
14757395258967641292,0,0,0,0,0,0,0,0,0
14757395258967641292,0,0,0,0,0,0,0,0,0
14757395258967641292,0,1,1,2,0,1,0,0,5
14757395258967641292,-2,1,-4,0,-1,-1,0,-2,-9
14757395258967641292,0,0,0,0,0,0,0,0,0
14757395258967641292,0,0,0,0,0,0,0,0,0
14757395258967641292,2,-1,-7,3,-2,0,-2,0,-7
14757395258967641292,-2,-2,-20,-2,0,-2,-1,1,-28
14757395258967641292,0,0,0,0,0,0,0,0,0
14757395258967641292,0,0,0,0,0,0,0,0,0
14757395258967641292,0,0,0,0,0,0,0,0,0
14757395258967641292,-1,-3,-8,7,-1,-1,-1,1,-7
14757395258967641292,0,0,0,0,0,0,0,0,0
14757395258967641292,0,0,0,0,0,0,0,0,0
14757395258967641292,3,0,-17,-9,0,-2,1,9,-15
14757395258967641292,-17,-3,-2,-4,-2,-1,-6,-58,-93
14757395258967641292,0,0,0,0,0,0,0,0,0
14757395258967641292,0,0,0,0,0,0,0,0,0
14757395258967641292,0,-1,6,2,0,1,0,-16,-8
14757395258967641292,9,7,0,-4,-3,-3,-8,6,4
14757395258967641292,0,0,0,0,0,0,0,0,0
14757395258967641292,0,0,0,0,0,0,0,0,0
14757395258967641292,0,0,0,0,0,0,0,0,0
14757395258967641292,9,3,48,3,0,2,7,40,112
14757395258967641292,0,0,0,0,0,0,0,0,0
14757395258967641292,0,0,0,0,0,0,0,0,0
14757395258967641292,-3,-17,-32,-2,-2,1,-3,-58,-116
14757395258967641292,1,4,-25,4,1,0,-1,9,-7
14757395258967641292,0,0,0,0,0,0,0,0,0
14757395258967641292,0,0,0,0,0,0,0,0,0
14757395258967641292,6,17,100,13,1,5,6,30,178
14757395258967641292,-5,-8,60,-7,-3,-7,-3,-10,17
14757395258967641292,0,0,0,0,0,0,0,0,0
14757395258967641292,0,0,0,0,0,0,0,0,0
14757395258967641292,0,0,0,0,0,0,0,0,0
14757395258967641292,-6,-7,-43,-6,-2,-1,-2,-4,-71
14757395258967641292,0,0,0,0,0,0,0,0,0
14757395258967641292,0,0,0,0,0,0,0,0,0
14757395258967641292,-2,-4,-13,-5,-2,-6,-2,8,-26
14757395258967641292,1,3,-19,3,3,2,-1,5,-3
14757395258967641292,0,0,0,0,0,0,0,0,0
14757395258967641292,0,0,0,0,0,0,0,0,0
14757395258967641292,-3,-10,-65,-20,-6,-1,-1,3,-103
14757395258967641292,-2,-9,6,-3,1,1,1,3,-2
14757395258967641292,0,0,0,0,0,0,0,0,0
14757395258967641292,0,0,0,0,0,0,0,0,0
14757395258967641292,0,0,0,0,0,0,0,0,0
14757395258967641292,2,2,11,5,0,1,-1,0,20
14757395258967641292,0,0,0,0,0,0,0,0,0
14757395258967641292,0,0,0,0,0,0,0,0,0
14757395258967641292,1,5,15,2,2,-1,0,6,30
14757395258967641292,0,-4,-2,-1,-2,0,0,-2,-11
14757395258967641292,0,0,0,0,0,0,0,0,0
14757395258967641292,0,0,0,0,0,0,0,0,0
14757395258967641292,2,6,11,6,2,0,1,3,31
14757395258967641292,1,2,11,-6,-3,-2,-1,1,3
14757395258967641292,0,0,0,0,0,0,0,0,0
14757395258967641292,0,0,0,0,0,0,0,0,0
14757395258967641292,0,0,0,0,0,0,0,0,0
14757395258967641292,-4,-7,-32,-11,-6,-3,-2,-3,-68
14757395258967641292,0,0,0,0,0,0,0,0,0
14757395258967641292,0,0,0,0,0,0,0,0,0
14757395258967641292,-1,-4,12,-2,-1,-1,1,0,4
14757395258967641292,0,3,8,6,2,0,1,1,21
14757395258967641292,0,0,0,0,0,0,0,0,0
14757395258967641292,0,0,0,0,0,0,0,0,0
14757395258967641292,-3,-2,8,-1,-3,-2,-1,1,-3
14757395258967641292,1,2,6,-1,-1,-1,-1,0,5
14757395258967641292,0,0,0,0,0,0,0,0,0
14757395258967641292,0,0,0,0,0,0,0,0,0
14757395258967641292,0,0,0,0,0,0,0,0,0
14757395258967641292,0,-1,-21,3,2,1,0,-1,-17
14757395258967641292,0,0,0,0,0,0,0,0,0
14757395258967641292,0,0,0,0,0,0,0,0,0
14757395258967641292,-3,-5,17,-6,-4,-3,-1,0,-5
14757395258967641292,-2,0,-1,3,-2,-3,-3,-2,-10
14757395258967641292,0,0,0,0,0,0,0,0,0
14757395258967641292,0,0,0,0,0,0,0,0,0
14757395258967641292,-2,0,-12,-6,-1,2,0,-1,-20
14757395258967641292,0,0,13,6,1,-1,1,0,20
14757395258967641292,0,0,0,0,0,0,0,0,0
14757395258967641292,0,0,0,0,0,0,0,0,0
14757395258967641292,0,0,0,0,0,0,0,0,0
14757395258967641292,-2,-1,-6,-3,-1,-1,1,0,-13
14757395258967641292,0,0,0,0,0,0,0,0,0
14757395258967641292,0,0,0,0,0,0,0,0,0
14757395258967641292,-3,-3,2,-1,-1,-2,-1,-2,-11
14757395258967641292,-1,-1,1,6,2,-1,0,-1,5
14757395258967641292,0,0,0,0,0,0,0,0,0
14757395258967641292,0,0,0,0,0,0,0,0,0
14757395258967641292,1,2,0,7,1,0,-1,-2,8
14757395258967641292,-6,-16,-26,-32,-11,-3,-3,-5,-102
14757395258967641292,0,0,0,0,0,0,0,0,0
14757395258967641292,0,0,0,0,0,0,0,0,0
14757395258967641292,0,0,0,0,0,0,0,0,0
14757395258967641292,2,3,5,6,1,0,1,0,18
14757395258967641292,0,0,0,0,0,0,0,0,0
14757395258967641292,0,0,0,0,0,0,0,0,0
14757395258967641292,-3,-1,-2,-7,-3,-3,-2,-1,-22
14757395258967641292,1,2,5,1,-1,-1,-2,-2,3
14757395258967641292,0,0,0,0,0,0,0,0,0
14757395258967641292,0,0,0,0,0,0,0,0,0
14757395258967641292,2,2,-3,-1,0,-1,-1,0,-2
14757395258967641292,-2,2,4,1,0,0,-2,1,4
14757395258967641292,0,0,0,0,0,0,0,0,0
14757395258967641292,0,0,0,0,0,0,0,0,0
14757395258967641292,0,0,0,0,0,0,0,0,0
14757395258967641292,0,0,13,1,0,0,-1,-1,12
14757395258967641292,0,0,0,0,0,0,0,0,0
14757395258967641292,0,0,0,0,0,0,0,0,0
14757395258967641292,-1,-3,3,1,0,-1,-2,-2,-5
14757395258967641292,-1,2,2,3,-3,-3,-1,0,-1
14757395258967641292,0,0,0,0,0,0,0,0,0
14757395258967641292,0,0,0,0,0,0,0,0,0
14757395258967641292,-3,-3,-10,-3,-4,2,-2,-2,-25
14757395258967641292,-1,-5,-27,-5,-2,-3,-1,-1,-45
14757395258967641292,0,0,0,0,0,0,0,0,0
14757395258967641292,0,0,0,0,0,0,0,0,0
14757395258967641292,0,0,0,0,0,0,0,0,0
14757395258967641292,1,1,12,1,1,0,0,0,16
14757395258967641292,0,0,0,0,0,0,0,0,0
14757395258967641292,0,0,0,0,0,0,0,0,0
14757395258967641292,-1,1,5,2,-2,-1,-1,1,4
14757395258967641292,-2,-3,6,0,0,1,0,-1,1
14757395258967641292,0,0,0,0,0,0,0,0,0
14757395258967641292,0,0,0,0,0,0,0,0,0
14757395258967641292,1,4,10,0,-1,0,1,1,16
14757395258967641292,-1,-2,-3,-4,1,0,1,-1,-9
14757395258967641292,0,0,0,0,0,0,0,0,0
14757395258967641292,0,0,0,0,0,0,0,0,0
14757395258967641292,0,0,0,0,0,0,0,0,0
14757395258967641292,-1,1,3,3,4,0,-1,-2,7
14757395258967641292,0,0,0,0,0,0,0,0,0
14757395258967641292,0,0,0,0,0,0,0,0,0
14757395258967641292,0,3,0,2,0,-1,-1,-2,1
14757395258967641292,-3,-5,-1,-5,-4,-1,-1,-2,-22
14757395258967641292,0,0,0,0,0,0,0,0,0
14757395258967641292,0,0,0,0,0,0,0,0,0
14757395258967641292,-1,2,1,-5,0,0,0,-1,-4
14757395258967641292,-2,-2,8,-2,-1,-2,-3,-1,-5
14757395258967641292,0,0,0,0,0,0,0,0,0
14757395258967641292,0,0,0,0,0,0,0,0,0
14757395258967641292,0,0,0,0,0,0,0,0,0
14757395258967641292,-2,-1,-2,-7,-3,-2,-1,-1,-19
14757395258967641292,0,0,0,0,0,0,0,0,0
14757395258967641292,0,0,0,0,0,0,0,0,0
14757395258967641292,0,0,0,0,0,0,0,0,0
14757395258967641292,1,-1,-4,7,2,-1,0,-1,3
14757395258967641292,1,0,-6,2,-3,0,-3,1,-8
14757395258967641292,0,0,0,0,0,0,0,0,0
14757395258967641292,0,4,12,2,-1,0,0,0,17
14757395258967641292,0,-1,-2,2,0,0,1,0,0
14757395258967641292,0,0,0,0,0,0,0,0,0
14757395258967641292,0,0,0,0,0,0,0,0,0
14757395258967641292,0,0,0,0,0,0,0,0,0
14757395258967641292,2,3,-1,2,0,0,-2,1,5
14757395258967641292,0,0,0,0,0,0,0,0,0
14757395258967641292,0,0,0,0,0,0,0,0,0
14757395258967641292,0,0,0,0,0,0,0,0,0
14757395258967641292,1,-1,-6,-1,-1,-1,-1,-1,-11
14757395258967641292,-1,-2,9,7,1,1,0,-1,14
14757395258967641292,0,0,0,0,0,0,0,0,0
14757395258967641292,1,-1,-8,-8,-3,-2,-1,0,-22
14757395258967641292,1,1,2,-1,0,-2,0,-2,-1
14757395258967641292,0,0,0,0,0,0,0,0,0
14757395258967641292,0,0,0,0,0,0,0,0,0
14757395258967641292,0,0,0,0,0,0,0,0,0
14757395258967641292,-2,-3,-5,-4,0,-2,-1,0,-17
14757395258967641292,0,0,0,0,0,0,0,0,0
14757395258967641292,0,0,0,0,0,0,0,0,0
14757395258967641292,0,0,0,0,0,0,0,0,0
14757395258967641292,-1,1,2,6,0,0,0,-2,6
14757395258967641292,-2,-6,-16,-9,-6,-2,-2,-2,-45
14757395258967641292,0,0,0,0,0,0,0,0,0
14757395258967641292,-1,-3,0,-2,0,1,1,0,-4
14757395258967641292,0,0,0,0,0,0,0,0,0
14757395258967641292,-2,1,6,2,0,-1,0,-2,4
14757395258967641292,0,0,0,0,0,0,0,0,0
14757395258967641292,0,0,0,0,0,0,0,0,0
14757395258967641292,1,1,-1,-2,-2,0,-1,-1,-5
14757395258967641292,0,0,0,0,0,0,0,0,0
14757395258967641292,0,0,0,0,0,0,0,0,0
14757395258967641292,0,0,0,0,0,0,0,0,0
14757395258967641292,-2,-3,-4,-4,-1,-3,-1,-2,-20
14757395258967641292,-3,0,3,6,0,-2,-2,-1,1
14757395258967641292,0,0,0,0,0,0,0,0,0
14757395258967641292,0,-1,-7,5,0,-1,-1,-1,-6
14757395258967641292,-2,-3,3,7,-1,0,0,0,4
14757395258967641292,0,0,0,0,0,0,0,0,0
14757395258967641292,0,0,0,0,0,0,0,0,0
14757395258967641292,0,0,0,0,0,0,0,0,0
14757395258967641292,2,5,1,4,1,1,-1,0,13
14757395258967641292,0,0,0,0,0,0,0,0,0
14757395258967641292,0,0,0,0,0,0,0,0,0
14757395258967641292,0,0,0,0,0,0,0,0,0
14757395258967641292,0,-2,-1,-2,-1,-1,-1,1,-7
14757395258967641292,-2,-1,0,-1,1,-2,-2,-2,-9
14757395258967641292,0,0,0,0,0,0,0,0,0
14757395258967641292,0,1,3,-1,1,-1,0,-2,1
14757395258967641292,-2,0,-4,-9,-4,1,-1,2,-17
14757395258967641292,0,0,0,0,0,0,0,0,0
14757395258967641292,0,0,0,0,0,0,0,0,0
14757395258967641292,0,0,0,0,0,0,0,0,0
14757395258967641292,1,-5,-5,-6,-1,-1,-1,-3,-21
14757395258967641292,0,0,0,0,0,0,0,0,0
14757395258967641292,0,0,0,0,0,0,0,0,0
14757395258967641292,0,0,0,0,0,0,0,0,0
14757395258967641292,0,1,7,4,0,2,-1,1,14
14757395258967641292,-1,0,11,-1,-1,0,-1,0,7
14757395258967641292,0,0,0,0,0,0,0,0,0
14757395258967641292,0,1,3,-3,-1,0,-1,1,0
14757395258967641292,0,0,0,0,0,0,0,0,0
14757395258967641292,-1,-5,-6,1,-2,1,-1,-2,-15
14757395258967641292,0,0,0,0,0,0,0,0,0
14757395258967641292,0,0,0,0,0,0,0,0,0
14757395258967641292,-1,3,-3,1,-1,-3,-1,0,-5
14757395258967641292,0,0,0,0,0,0,0,0,0
14757395258967641292,0,0,0,0,0,0,0,0,0
14757395258967641292,0,0,0,0,0,0,0,0,0
14757395258967641292,-1,2,-5,-2,-2,-1,-3,-2,-14
14757395258967641292,-1,-3,-1,-3,1,-2,0,-1,-10
14757395258967641292,0,0,0,0,0,0,0,0,0
14757395258967641292,-1,5,0,0,0,0,1,2,7
14757395258967641292,-1,0,-3,1,-1,-1,-1,-1,-7
14757395258967641292,0,0,0,0,0,0,0,0,0
14757395258967641292,0,0,0,0,0,0,0,0,0
14757395258967641292,0,0,0,0,0,0,0,0,0
14757395258967641292,-2,-5,-8,-2,0,-1,-3,0,-21
14757395258967641292,0,0,0,0,0,0,0,0,0
14757395258967641292,0,0,0,0,0,0,0,0,0
14757395258967641292,0,0,0,0,0,0,0,0,0
14757395258967641292,1,0,8,2,0,-2,0,1,10
14757395258967641292,-1,0,-9,-2,-1,1,0,-1,-13
14757395258967641292,0,0,0,0,0,0,0,0,0
14757395258967641292,-3,-3,-4,-3,-4,-1,0,-2,-20
14757395258967641292,-1,-3,-1,-2,-1,-3,0,-2,-13
14757395258967641292,0,0,0,0,0,0,0,0,0
14757395258967641292,0,0,0,0,0,0,0,0,0
14757395258967641292,0,0,0,0,0,0,0,0,0
14757395258967641292,-2,1,-3,-1,-2,-2,-2,0,-11
14757395258967641292,0,0,0,0,0,0,0,0,0
14757395258967641292,0,0,0,0,0,0,0,0,0
14757395258967641292,0,0,0,0,0,0,0,0,0
14757395258967641292,-2,-4,-9,-2,-3,-1,-1,-2,-24
14757395258967641292,-1,0,5,-5,-3,-1,0,0,-5
14757395258967641292,0,0,0,0,0,0,0,0,0
14757395258967641292,-1,-3,-2,1,0,1,0,-2,-6
14757395258967641292,0,0,0,0,0,0,0,0,0
14757395258967641292,-1,-1,3,0,1,-3,0,-1,-2
14757395258967641292,0,0,0,0,0,0,0,0,0
14757395258967641292,0,0,0,0,0,0,0,0,0
14757395258967641292,-1,-2,-2,-1,-1,-2,-2,-1,-12
14757395258967641292,0,0,0,0,0,0,0,0,0
14757395258967641292,0,0,0,0,0,0,0,0,0
14757395258967641292,0,0,0,0,0,0,0,0,0
14757395258967641292,0,0,0,0,0,0,0,0,0
14757395258967641292,0,0,0,0,0,0,0,0,0
14757395258967641292,1,3,1,-1,-1,-1,0,-1,1
14757395258967641292,-2,0,2,6,0,-1,-2,0,3
14757395258967641292,0,0,0,0,0,0,0,0,0
14757395258967641292,0,2,-4,1,-1,0,-2,0,-4
14757395258967641292,0,0,0,0,0,0,0,0,0
14757395258967641292,0,0,0,0,0,0,0,0,0
14757395258967641292,-1,-2,2,2,0,0,-1,-2,-2
14757395258967641292,0,0,0,0,0,0,0,0,0
14757395258967641292,0,0,0,0,0,0,0,0,0
14757395258967641292,0,0,0,0,0,0,0,0,0
14757395258967641292,1,2,-1,-5,-1,0,-1,-2,-7
14757395258967641292,-3,-3,0,2,-2,-1,-1,-2,-10
14757395258967641292,0,0,0,0,0,0,0,0,0
14757395258967641292,-2,0,-2,-1,0,0,-2,1,-6
14757395258967641292,0,0,0,0,0,0,0,0,0
14757395258967641292,1,1,-1,3,-1,-2,-1,0,0
14757395258967641292,0,0,0,0,0,0,0,0,0
14757395258967641292,0,0,0,0,0,0,0,0,0
14757395258967641292,-1,-1,-5,-4,-3,0,-1,-2,-17
14757395258967641292,0,0,0,0,0,0,0,0,0
14757395258967641292,0,0,0,0,0,0,0,0,0
14757395258967641292,0,0,0,0,0,0,0,0,0
14757395258967641292,1,3,1,-1,-2,-2,-1,-2,-3
14757395258967641292,-1,-2,-1,-5,-3,0,-1,-3,-16
14757395258967641292,0,0,0,0,0,0,0,0,0
14757395258967641292,1,1,-3,0,0,-1,1,0,-1
14757395258967641292,0,0,0,0,0,0,0,0,0
14757395258967641292,-1,-1,0,-5,1,0,0,0,-6
14757395258967641292,0,0,0,0,0,0,0,0,0
14757395258967641292,0,0,0,0,0,0,0,0,0
14757395258967641292,-1,-4,-4,2,0,0,-1,-1,-9
14757395258967641292,0,0,0,0,0,0,0,0,0
14757395258967641292,0,0,0,0,0,0,0,0,0
14757395258967641292,0,0,0,0,0,0,0,0,0
14757395258967641292,-1,1,-1,-2,-2,-1,1,-1,-6
14757395258967641292,1,6,-1,1,1,0,-2,-1,5
14757395258967641292,0,0,0,0,0,0,0,0,0
14757395258967641292,1,-2,6,-5,-2,0,0,-2,-4
14757395258967641292,0,0,0,0,0,0,0,0,0
14757395258967641292,-4,-5,-1,-8,-4,-2,-1,-2,-27
14757395258967641292,0,0,0,0,0,0,0,0,0
14757395258967641292,0,0,0,0,0,0,0,0,0
14757395258967641292,0,-3,-1,-2,0,-2,-1,-2,-11
14757395258967641292,0,0,0,0,0,0,0,0,0
14757395258967641292,0,0,0,0,0,0,0,0,0
14757395258967641292,0,0,0,0,0,0,0,0,0
14757395258967641292,-2,-4,-6,-2,1,-2,0,-1,-16
14757395258967641292,-1,-1,4,6,0,-2,-1,0,5
14757395258967641292,0,0,0,0,0,0,0,0,0
14757395258967641292,-1,2,1,0,1,-1,-2,0,0
14757395258967641292,0,0,0,0,0,0,0,0,0
14757395258967641292,-1,-4,-4,-2,-2,-1,-1,-1,-16
14757395258967641292,0,0,0,0,0,0,0,0,0
14757395258967641292,0,0,0,0,0,0,0,0,0
14757395258967641292,0,-1,-2,-1,1,0,-1,-1,-5
14757395258967641292,0,0,0,0,0,0,0,0,0
14757395258967641292,0,0,0,0,0,0,0,0,0
14757395258967641292,0,0,0,0,0,0,0,0,0
14757395258967641292,-1,-3,0,-2,-2,-1,-1,-1,-11
14757395258967641292,-1,-1,0,1,-4,1,0,-2,-6
14757395258967641292,0,0,0,0,0,0,0,0,0
14757395258967641292,-4,-5,0,-4,-3,1,0,-2,-17
14757395258967641292,0,0,0,0,0,0,0,0,0
14757395258967641292,-2,-2,3,-3,-2,0,0,1,-5
14757395258967641292,0,0,0,0,0,0,0,0,0
14757395258967641292,0,0,0,0,0,0,0,0,0
14757395258967641292,-1,-2,-5,-4,0,-1,-1,-2,-16
14757395258967641292,0,0,0,0,0,0,0,0,0
14757395258967641292,0,0,0,0,0,0,0,0,0
14757395258967641292,0,0,0,0,0,0,0,0,0
14757395258967641292,0,-1,6,3,1,2,-1,0,10
14757395258967641292,-2,-1,-2,3,0,0,-1,0,-3
14757395258967641292,0,0,0,0,0,0,0,0,0
14757395258967641292,0,0,0,0,0,0,0,0,0
14757395258967641292,0,0,0,0,0,0,0,0,0
14757395258967641292,-1,0,2,-1,3,-1,0,0,2
14757395258967641292,0,0,0,0,0,0,0,0,0
14757395258967641292,0,0,0,0,0,0,0,0,0
14757395258967641292,-2,-4,-4,-3,-2,1,-2,-1,-17
14757395258967641292,0,0,0,0,0,0,0,0,0
14757395258967641292,0,0,0,0,0,0,0,0,0
14757395258967641292,0,0,0,0,0,0,0,0,0
14757395258967641292,1,5,1,1,1,-1,2,0,10
14757395258967641292,-1,0,0,4,0,0,0,1,4
14757395258967641292,0,0,0,0,0,0,0,0,0
14757395258967641292,0,0,0,0,0,0,0,0,0
14757395258967641292,0,0,0,0,0,0,0,0,0
14757395258967641292,0,-1,-1,0,0,-4,-1,-1,-8
14757395258967641292,0,0,0,0,0,0,0,0,0
14757395258967641292,0,0,0,0,0,0,0,0,0
14757395258967641292,-2,-2,3,-4,-4,-2,-3,-1,-15
14757395258967641292,0,0,0,0,0,0,0,0,0
14757395258967641292,0,0,0,0,0,0,0,0,0
14757395258967641292,0,0,0,0,0,0,0,0,0
14757395258967641292,-1,-6,-8,-10,-2,1,-1,-2,-29
14757395258967641292,0,0,-4,1,1,-2,-1,-2,-7
14757395258967641292,0,0,0,0,0,0,0,0,0
14757395258967641292,0,0,0,0,0,0,0,0,0
14757395258967641292,0,0,0,0,0,0,0,0,0
14757395258967641292,0,0,-1,1,0,-1,-1,-1,-3
14757395258967641292,0,0,0,0,0,0,0,0,0
14757395258967641292,0,0,0,0,0,0,0,0,0
14757395258967641292,-2,-3,-1,3,0,-2,-1,-1,-7
14757395258967641292,0,1,-1,-5,-2,-1,1,-1,-8
14757395258967641292,0,0,0,0,0,0,0,0,0
14757395258967641292,0,0,0,0,0,0,0,0,0
14757395258967641292,1,0,-1,-5,0,-2,-2,1,-8
14757395258967641292,0,-3,1,1,-1,0,-1,-2,-5
14757395258967641292,0,0,0,0,0,0,0,0,0
14757395258967641292,0,0,0,0,0,0,0,0,0
14757395258967641292,0,0,0,0,0,0,0,0,0
14757395258967641292,-1,1,1,0,-3,-1,-1,-1,-5
14757395258967641292,0,0,0,0,0,0,0,0,0
14757395258967641292,0,0,0,0,0,0,0,0,0
14757395258967641292,-1,3,-4,3,0,-1,0,-2,-2
14757395258967641292,0,4,4,3,-1,-1,-2,1,8
14757395258967641292,0,0,0,0,0,0,0,0,0
14757395258967641292,0,0,0,0,0,0,0,0,0
14757395258967641292,-2,-1,-1,4,1,2,-1,0,2
14757395258967641292,-3,-4,-3,-5,-1,0,-1,-1,-18
14757395258967641292,0,0,0,0,0,0,0,0,0
14757395258967641292,0,0,0,0,0,0,0,0,0
14757395258967641292,0,0,0,0,0,0,0,0,0
14757395258967641292,-3,-3,-6,-4,-2,-1,-1,-1,-21
14757395258967641292,0,0,0,0,0,0,0,0,0
14757395258967641292,0,0,0,0,0,0,0,0,0
14757395258967641292,0,-1,1,-6,-2,-2,-1,-2,-13
14757395258967641292,-2,-7,-2,3,1,-2,-1,-3,-13
14757395258967641292,0,0,0,0,0,0,0,0,0
14757395258967641292,0,0,0,0,0,0,0,0,0
14757395258967641292,0,1,3,-1,-2,-1,0,1,1
14757395258967641292,0,0,3,0,0,0,-2,-1,0
14757395258967641292,0,0,0,0,0,0,0,0,0
14757395258967641292,0,0,0,0,0,0,0,0,0
14757395258967641292,0,0,0,0,0,0,0,0,0
14757395258967641292,-3,1,-2,-7,-2,-2,0,-1,-16
14757395258967641292,0,0,0,0,0,0,0,0,0
14757395258967641292,0,0,0,0,0,0,0,0,0
14757395258967641292,0,2,0,0,2,-1,-1,0,2
14757395258967641292,0,-2,-3,-1,-1,0,-2,0,-9
14757395258967641292,0,0,0,0,0,0,0,0,0
14757395258967641292,0,0,0,0,0,0,0,0,0
14757395258967641292,-1,-2,-1,2,-2,-1,-1,-1,-7
14757395258967641292,1,-1,5,3,-2,-3,0,-1,2
14757395258967641292,0,0,0,0,0,0,0,0,0
14757395258967641292,0,0,0,0,0,0,0,0,0
14757395258967641292,0,0,0,0,0,0,0,0,0
14757395258967641292,-1,-1,-4,2,-4,-2,-2,-1,-13
14757395258967641292,0,0,0,0,0,0,0,0,0
14757395258967641292,0,0,0,0,0,0,0,0,0
14757395258967641292,0,0,-2,-3,-1,-4,-2,-1,-13
14757395258967641292,0,2,0,-4,-2,-2,-1,-1,-8
14757395258967641292,0,0,0,0,0,0,0,0,0
14757395258967641292,0,0,0,0,0,0,0,0,0
14757395258967641292,-1,2,1,4,-1,-1,-2,-1,1
14757395258967641292,-2,-3,-7,-5,-2,0,0,1,-18
14757395258967641292,0,0,0,0,0,0,0,0,0
14757395258967641292,0,0,0,0,0,0,0,0,0
14757395258967641292,0,0,0,0,0,0,0,0,0
14757395258967641292,0,1,3,1,1,0,3,0,9
14757395258967641292,0,0,0,0,0,0,0,0,0
14757395258967641292,0,0,0,0,0,0,0,0,0
14757395258967641292,4,0,-2,0,-2,-1,-1,-1,-3
14757395258967641292,-2,-11,-4,-3,-2,-3,-2,-1,-28
14757395258967641292,0,0,0,0,0,0,0,0,0
14757395258967641292,0,0,0,0,0,0,0,0,0
14757395258967641292,-2,-1,-3,-3,-1,0,1,-2,-11
14757395258967641292,-1,1,-3,-6,-2,0,1,-2,-12
14757395258967641292,0,0,0,0,0,0,0,0,0
14757395258967641292,0,0,0,0,0,0,0,0,0
14757395258967641292,0,0,0,0,0,0,0,0,0
14757395258967641292,-2,0,5,5,-2,-1,-2,0,3
14757395258967641292,0,0,0,0,0,0,0,0,0
14757395258967641292,0,0,0,0,0,0,0,0,0
14757395258967641292,-2,-5,-6,0,1,0,2,-1,-11
14757395258967641292,2,5,5,0,1,-1,0,-1,11
14757395258967641292,0,0,0,0,0,0,0,0,0
14757395258967641292,0,0,0,0,0,0,0,0,0
14757395258967641292,-1,-4,-2,-5,-3,1,-1,-3,-18
14757395258967641292,-2,-2,-3,2,-2,-3,-3,-2,-15
14757395258967641292,0,0,0,0,0,0,0,0,0
14757395258967641292,0,0,0,0,0,0,0,0,0
14757395258967641292,0,0,0,0,0,0,0,0,0
14757395258967641292,-2,-2,-5,-5,-1,-2,-2,0,-19
14757395258967641292,0,0,0,0,0,0,0,0,0
14757395258967641292,0,0,0,0,0,0,0,0,0
14757395258967641292,0,-4,-2,-2,0,-6,-2,-3,-19
14757395258967641292,2,2,-3,5,-2,-4,1,-1,0
14757395258967641292,0,0,0,0,0,0,0,0,0
14757395258967641292,0,0,0,0,0,0,0,0,0
14757395258967641292,-1,0,4,4,0,-3,-1,1,4
14757395258967641292,-1,0,2,-1,-2,7,-1,-2,2
14757395258967641292,0,0,0,0,0,0,0,0,0
14757395258967641292,0,0,0,0,0,0,0,0,0
14757395258967641292,0,0,0,0,0,0,0,0,0
14757395258967641292,-1,-2,-1,0,1,1,-1,0,-3
14757395258967641292,0,0,0,0,0,0,0,0,0
14757395258967641292,-2,-1,-5,-1,-2,-3,-2,0,-16
14757395258967641292,0,0,0,0,0,0,0,0,0
14757395258967641292,0,-1,8,-1,-1,-3,0,-3,-1
14757395258967641292,0,0,0,0,0,0,0,0,0
14757395258967641292,0,0,0,0,0,0,0,0,0
14757395258967641292,0,-2,0,-4,-3,-2,-1,0,-12
14757395258967641292,-1,-1,-1,2,2,-1,-1,0,-1
14757395258967641292,0,0,0,0,0,0,0,0,0
14757395258967641292,0,0,0,0,0,0,0,0,0
14757395258967641292,0,0,0,0,0,0,0,0,0
14757395258967641292,-2,0,-5,-2,1,0,0,-1,-9
14757395258967641292,0,0,0,0,0,0,0,0,0
14757395258967641292,-2,-2,-6,-3,-2,0,-2,-1,-18
14757395258967641292,0,0,0,0,0,0,0,0,0
14757395258967641292,-3,-4,-10,-2,-1,-2,0,0,-22
14757395258967641292,0,0,0,0,0,0,0,0,0
14757395258967641292,0,0,0,0,0,0,0,0,0
14757395258967641292,1,0,1,-2,-2,-4,0,-1,-7
14757395258967641292,-1,-1,6,1,-1,0,-1,0,3
14757395258967641292,0,0,0,0,0,0,0,0,0
14757395258967641292,0,0,0,0,0,0,0,0,0
14757395258967641292,0,0,0,0,0,0,0,0,0
14757395258967641292,-1,0,-2,-6,-2,1,-2,0,-12
14757395258967641292,0,0,0,0,0,0,0,0,0
14757395258967641292,-1,3,1,-2,0,-1,-1,-1,-2
14757395258967641292,0,0,0,0,0,0,0,0,0
14757395258967641292,-2,-1,-3,-2,-4,-3,-1,-1,-17
14757395258967641292,0,0,0,0,0,0,0,0,0
14757395258967641292,0,0,0,0,0,0,0,0,0
14757395258967641292,0,2,3,7,0,0,-2,-1,9
14757395258967641292,-1,-2,-1,-8,-2,0,-3,-1,-18
14757395258967641292,0,0,0,0,0,0,0,0,0
14757395258967641292,0,0,0,0,0,0,0,0,0
14757395258967641292,0,0,0,0,0,0,0,0,0
14757395258967641292,0,-3,-9,1,2,-1,-1,-2,-13
14757395258967641292,0,0,0,0,0,0,0,0,0
14757395258967641292,0,0,0,0,0,0,0,0,0
14757395258967641292,-2,0,4,-4,1,-1,-3,0,-5
14757395258967641292,-3,-4,-2,-2,-1,-2,-2,-2,-18
14757395258967641292,0,0,0,0,0,0,0,0,0
14757395258967641292,0,0,0,0,0,0,0,0,0
14757395258967641292,-1,-1,-4,-5,-3,1,0,-2,-15
14757395258967641292,2,6,5,-2,0,2,-1,1,13
14757395258967641292,0,0,0,0,0,0,0,0,0
14757395258967641292,0,0,0,0,0,0,0,0,0
14757395258967641292,0,0,0,0,0,0,0,0,0
14757395258967641292,0,-4,-3,0,-1,-2,0,-2,-12
14757395258967641292,0,0,0,0,0,0,0,0,0
14757395258967641292,0,0,0,0,0,0,0,0,0
14757395258967641292,0,1,-8,1,-2,-2,-2,1,-11
14757395258967641292,-1,-2,1,1,-1,-2,1,-2,-5
14757395258967641292,0,0,0,0,0,0,0,0,0
14757395258967641292,0,0,0,0,0,0,0,0,0
14757395258967641292,-5,-4,-4,-7,-1,1,-2,-4,-26
14757395258967641292,-1,-4,-3,-2,-1,-2,-3,-1,-17
14757395258967641292,0,0,0,0,0,0,0,0,0
14757395258967641292,0,0,0,0,0,0,0,0,0
14757395258967641292,0,0,0,0,0,0,0,0,0
14757395258967641292,-1,1,-1,3,2,-2,-1,-2,-1
14757395258967641292,0,0,0,0,0,0,0,0,0
14757395258967641292,0,0,0,0,0,0,0,0,0
14757395258967641292,-1,-3,1,4,-1,-1,-1,0,-2
14757395258967641292,-3,-9,-9,-5,-5,-3,-2,-1,-37
14757395258967641292,0,0,0,0,0,0,0,0,0
14757395258967641292,0,0,0,0,0,0,0,0,0
14757395258967641292,-2,-3,-5,4,0,-2,0,-2,-10
14757395258967641292,0,2,0,-2,-2,-2,-2,1,-5
14757395258967641292,0,0,0,0,0,0,0,0,0
14757395258967641292,0,0,0,0,0,0,0,0,0
14757395258967641292,0,0,0,0,0,0,0,0,0
14757395258967641292,0,0,0,0,0,0,0,0,0
14757395258967641292,-1,-3,-8,-1,-3,-3,-1,-3,-23
14757395258967641292,1,3,4,2,0,0,1,0,11
14757395258967641292,0,0,0,0,0,0,0,0,0
14757395258967641292,-2,-4,-2,-3,0,-3,-1,0,-15
14757395258967641292,1,1,-1,-5,-2,0,-2,-1,-9
14757395258967641292,0,0,0,0,0,0,0,0,0
14757395258967641292,0,2,0,-6,-2,2,1,1,-2
14757395258967641292,-1,1,1,2,2,0,1,-2,4
14757395258967641292,0,0,0,0,0,0,0,0,0
14757395258967641292,0,0,0,0,0,0,0,0,0
14757395258967641292,0,0,0,0,0,0,0,0,0
14757395258967641292,0,0,1,1,-2,-1,-1,0,-2
14757395258967641292,0,0,0,0,0,0,0,0,0
14757395258967641292,0,0,0,0,0,0,0,0,0
14757395258967641292,0,0,0,0,0,0,0,0,0
14757395258967641292,-3,-8,-4,-8,-2,-5,-1,0,-31
14757395258967641292,-1,-1,-3,2,0,-1,0,-2,-6
14757395258967641292,0,0,0,0,0,0,0,0,0
14757395258967641292,-2,0,2,2,0,1,-1,0,2
14757395258967641292,-3,-2,1,5,-3,-3,-2,-2,-9
14757395258967641292,0,0,0,0,0,0,0,0,0
14757395258967641292,0,0,0,0,0,0,0,0,0
14757395258967641292,0,0,0,0,0,0,0,0,0
14757395258967641292,0,1,4,2,1,0,-1,0,7
14757395258967641292,0,0,0,0,0,0,0,0,0
14757395258967641292,0,0,0,0,0,0,0,0,0
14757395258967641292,0,0,0,0,0,0,0,0,0
14757395258967641292,-2,-4,1,-1,-1,-1,-1,-1,-10
14757395258967641292,-1,1,3,-1,0,-1,0,0,1
14757395258967641292,0,0,0,0,0,0,0,0,0
14757395258967641292,1,-1,-3,1,-2,-3,1,-3,-9
14757395258967641292,0,0,0,0,0,0,0,0,0
14757395258967641292,0,-2,-6,-6,-2,-2,0,-2,-20
14757395258967641292,0,0,0,0,0,0,0,0,0
14757395258967641292,0,0,0,0,0,0,0,0,0
14757395258967641292,0,1,-1,1,-2,-2,-3,-1,-7
14757395258967641292,0,0,0,0,0,0,0,0,0
14757395258967641292,0,0,0,0,0,0,0,0,0
14757395258967641292,0,0,0,0,0,0,0,0,0
14757395258967641292,0,0,0,0,0,0,0,0,0
14757395258967641292,0,0,0,0,0,0,0,0,0
14757395258967641292,0,-2,-5,-4,-2,0,-1,-1,-15
14757395258967641292,-2,-5,-2,-2,-2,0,-2,0,-15
14757395258967641292,0,0,0,0,0,0,0,0,0
14757395258967641292,0,-1,-2,-4,0,1,0,0,-6
14757395258967641292,0,0,0,0,0,0,0,0,0
14757395258967641292,0,0,0,0,0,0,0,0,0
14757395258967641292,-2,-7,-6,3,-2,-2,1,-2,-17
14757395258967641292,0,0,0,0,0,0,0,0,0
14757395258967641292,0,0,0,0,0,0,0,0,0
14757395258967641292,0,0,0,0,0,0,0,0,0
14757395258967641292,0,4,-3,-3,0,2,0,-1,-1
14757395258967641292,-3,-3,3,-1,0,-1,-3,-3,-11
14757395258967641292,0,0,0,0,0,0,0,0,0
14757395258967641292,0,-1,0,2,0,0,0,-1,0
14757395258967641292,0,0,0,0,0,0,0,0,0
14757395258967641292,0,2,0,-3,-1,1,0,-2,-3
14757395258967641292,0,0,0,0,0,0,0,0,0
14757395258967641292,0,0,0,0,0,0,0,0,0
14757395258967641292,-1,0,-1,-3,-2,0,0,-2,-9
14757395258967641292,0,0,0,0,0,0,0,0,0
14757395258967641292,0,0,0,0,0,0,0,0,0
14757395258967641292,0,0,0,0,0,0,0,0,0
14757395258967641292,1,1,-2,-4,-1,-2,-1,0,-8
14757395258967641292,-1,2,2,1,0,0,-2,0,2
14757395258967641292,0,0,0,0,0,0,0,0,0
14757395258967641292,-1,-2,-2,-2,-2,-3,1,-1,-12
14757395258967641292,0,0,0,0,0,0,0,0,0
14757395258967641292,1,2,0,-2,-3,-1,0,1,-2
14757395258967641292,0,0,0,0,0,0,0,0,0
14757395258967641292,0,0,0,0,0,0,0,0,0
14757395258967641292,-2,2,1,-1,-2,-2,-2,1,-5
14757395258967641292,0,0,0,0,0,0,0,0,0
14757395258967641292,0,0,0,0,0,0,0,0,0
14757395258967641292,0,0,0,0,0,0,0,0,0
14757395258967641292,1,0,2,0,0,0,0,0,3
14757395258967641292,-3,-5,1,-2,-1,3,1,-1,-7
