14757395258967641292,0,0,0,0,0,0,0,0,0
14757395258967641292,1,-1,0,0,1,0,2,0,3
14757395258967641292,-1,2,-2,1,7,0,1,1,9
14757395258967641292,0,0,0,0,0,0,0,0,0
14757395258967641292,0,0,0,0,0,0,0,0,0
14757395258967641292,0,0,0,0,0,0,0,0,0
14757395258967641292,-1,-3,2,2,-2,1,0,0,-1
14757395258967641292,0,0,0,0,0,0,0,0,0
14757395258967641292,0,0,0,0,0,0,0,0,0
14757395258967641292,0,0,0,0,0,0,0,0,0
14757395258967641292,-4,-4,-2,0,1,0,0,-1,-10
14757395258967641292,-3,4,0,-2,-1,-3,-2,-2,-9
14757395258967641292,0,0,0,0,0,0,0,0,0
14757395258967641292,-2,-1,2,-1,-1,0,1,-2,-4
14757395258967641292,1,0,-6,-2,-2,1,-2,1,-9
14757395258967641292,0,0,0,0,0,0,0,0,0
14757395258967641292,0,0,0,0,0,0,0,0,0
14757395258967641292,0,0,0,0,0,0,0,0,0
14757395258967641292,1,-1,0,2,-6,-1,-1,-3,-9
14757395258967641292,0,0,0,0,0,0,0,0,0
14757395258967641292,0,0,0,0,0,0,0,0,0
14757395258967641292,0,0,0,0,0,0,0,0,0
14757395258967641292,1,0,-3,-3,-2,-3,-3,-1,-14
14757395258967641292,-2,-2,-1,-4,-6,-4,-2,-2,-23
14757395258967641292,0,0,0,0,0,0,0,0,0
14757395258967641292,-2,-3,-1,-5,-1,-1,-2,-1,-16
14757395258967641292,0,0,0,0,0,0,0,0,0
14757395258967641292,0,0,0,0,0,0,0,0,0
14757395258967641292,0,0,0,0,0,0,0,0,0
14757395258967641292,0,0,0,0,0,0,0,0,0
14757395258967641292,-1,-5,0,4,1,0,-2,-1,-4
14757395258967641292,0,0,0,0,0,0,0,0,0
14757395258967641292,0,0,0,0,0,0,0,0,0
14757395258967641292,0,0,0,0,0,0,0,0,0
14757395258967641292,1,5,1,2,3,1,1,2,16
14757395258967641292,0,0,0,0,0,0,0,0,0
14757395258967641292,0,0,0,0,0,0,0,0,0
14757395258967641292,1,4,-1,-3,-3,-2,0,1,-3
14757395258967641292,0,0,0,0,0,0,0,0,0
14757395258967641292,-2,-2,-4,3,3,0,1,-1,-2
14757395258967641292,0,0,0,0,0,0,0,0,0
14757395258967641292,0,0,0,0,0,0,0,0,0
14757395258967641292,2,1,2,1,2,1,2,-1,10
14757395258967641292,0,0,0,0,0,0,0,0,0
14757395258967641292,0,0,0,0,0,0,0,0,0
14757395258967641292,0,0,0,0,0,0,0,0,0
14757395258967641292,-3,-2,-2,-3,-3,-1,-1,0,-15
14757395258967641292,-1,-3,1,-4,0,0,1,-1,-7
14757395258967641292,0,0,0,0,0,0,0,0,0
14757395258967641292,-1,2,1,3,1,1,0,1,8
14757395258967641292,0,0,0,0,0,0,0,0,0
14757395258967641292,1,-1,-3,-1,-2,-1,0,0,-7
14757395258967641292,0,0,0,0,0,0,0,0,0
14757395258967641292,0,0,0,0,0,0,0,0,0
14757395258967641292,0,1,2,-3,-1,-4,-5,-2,-12
14757395258967641292,0,0,0,0,0,0,0,0,0
14757395258967641292,0,0,0,0,0,0,0,0,0
14757395258967641292,0,0,0,0,0,0,0,0,0
14757395258967641292,0,0,2,2,2,3,1,3,13
14757395258967641292,-3,-4,-6,-2,-6,-3,-4,0,-28
14757395258967641292,0,0,0,0,0,0,0,0,0
14757395258967641292,0,0,0,0,0,0,0,0,0
14757395258967641292,0,0,0,0,0,0,0,0,0
14757395258967641292,0,0,-1,-4,-3,-1,1,-3,-11
14757395258967641292,0,0,0,0,0,0,0,0,0
14757395258967641292,0,0,0,0,0,0,0,0,0
14757395258967641292,1,-1,1,5,0,0,-2,0,4
14757395258967641292,0,0,0,0,0,0,0,0,0
14757395258967641292,0,0,0,0,0,0,0,0,0
14757395258967641292,0,0,0,0,0,0,0,0,0
14757395258967641292,-1,-1,-2,-2,0,-2,0,0,-8
14757395258967641292,-1,-1,-2,0,1,-1,2,1,-1
14757395258967641292,0,0,0,0,0,0,0,0,0
14757395258967641292,0,0,0,0,0,0,0,0,0
14757395258967641292,0,0,0,0,0,0,0,0,0
14757395258967641292,-2,-1,-2,4,2,0,-1,0,0
14757395258967641292,0,0,0,0,0,0,0,0,0
14757395258967641292,0,0,0,0,0,0,0,0,0
14757395258967641292,0,-1,-2,-5,-2,1,-2,-1,-12
14757395258967641292,0,0,0,0,0,0,0,0,0
14757395258967641292,0,0,0,0,0,0,0,0,0
14757395258967641292,0,0,0,0,0,0,0,0,0
14757395258967641292,1,3,4,3,0,0,0,-1,10
14757395258967641292,-2,-3,-2,-4,-4,-3,-2,0,-20
14757395258967641292,0,0,0,0,0,0,0,0,0
14757395258967641292,1,0,3,1,-2,0,1,-2,2
14757395258967641292,0,0,0,0,0,0,0,0,0
14757395258967641292,-2,3,1,1,4,0,2,-1,8
14757395258967641292,0,0,0,0,0,0,0,0,0
14757395258967641292,0,0,0,0,0,0,0,0,0
14757395258967641292,0,2,1,-3,-6,-5,-4,-1,-16
14757395258967641292,0,0,0,0,0,0,0,0,0
14757395258967641292,0,0,0,0,0,0,0,0,0
14757395258967641292,0,0,0,0,0,0,0,0,0
14757395258967641292,-1,-12,-8,-2,4,-1,0,-1,-21
14757395258967641292,0,1,1,1,3,-1,-1,1,5
14757395258967641292,0,0,0,0,0,0,0,0,0
14757395258967641292,-2,1,-1,-5,-8,-5,0,-2,-22
14757395258967641292,0,0,0,0,0,0,0,0,0
14757395258967641292,-1,-4,-3,-1,-2,1,0,-2,-12
14757395258967641292,0,0,0,0,0,0,0,0,0
14757395258967641292,0,0,0,0,0,0,0,0,0
14757395258967641292,-1,-1,-1,-1,-2,-1,-1,0,-8
14757395258967641292,0,0,0,0,0,0,0,0,0
14757395258967641292,0,0,0,0,0,0,0,0,0
14757395258967641292,0,0,0,0,0,0,0,0,0
14757395258967641292,-3,-6,-8,-1,0,0,-3,-1,-22
14757395258967641292,-1,-6,2,1,2,0,2,-3,-3
14757395258967641292,0,0,0,0,0,0,0,0,0
14757395258967641292,-1,5,1,0,-1,-3,1,-2,0
14757395258967641292,0,0,0,0,0,0,0,0,0
14757395258967641292,-3,-6,-5,-6,-5,-3,-3,-2,-33
14757395258967641292,0,0,0,0,0,0,0,0,0
14757395258967641292,0,0,0,0,0,0,0,0,0
14757395258967641292,-2,0,-2,-1,-3,2,3,-4,-7
14757395258967641292,0,0,0,0,0,0,0,0,0
14757395258967641292,0,0,0,0,0,0,0,0,0
14757395258967641292,0,0,0,0,0,0,0,0,0
14757395258967641292,-3,-5,0,1,1,-1,-3,0,-10
14757395258967641292,0,0,0,0,0,0,0,0,0
14757395258967641292,0,0,0,0,0,0,0,0,0
14757395258967641292,0,0,0,0,0,0,0,0,0
14757395258967641292,0,0,0,0,0,0,0,0,0
14757395258967641292,-3,-2,1,-2,-1,-2,-2,0,-11
14757395258967641292,0,0,0,0,0,0,0,0,0
14757395258967641292,0,0,0,0,0,0,0,0,0
14757395258967641292,2,11,4,1,0,-1,1,-3,15
14757395258967641292,0,0,0,0,0,0,0,0,0
14757395258967641292,0,0,0,0,0,0,0,0,0
14757395258967641292,0,0,0,0,0,0,0,0,0
14757395258967641292,0,-2,6,2,3,-1,-1,0,7
14757395258967641292,0,0,0,0,0,0,0,0,0
14757395258967641292,0,0,0,0,0,0,0,0,0
14757395258967641292,0,0,0,0,0,0,0,0,0
14757395258967641292,0,0,0,0,0,0,0,0,0
14757395258967641292,-1,1,0,1,1,0,-2,0,0
14757395258967641292,0,0,0,0,0,0,0,0,0
14757395258967641292,0,0,0,0,0,0,0,0,0
14757395258967641292,-2,-2,-2,-8,-4,-5,-3,-1,-27
14757395258967641292,0,0,0,0,0,0,0,0,0
14757395258967641292,0,0,0,0,0,0,0,0,0
14757395258967641292,0,0,0,0,0,0,0,0,0
14757395258967641292,-7,-25,-12,-6,-4,0,-1,-4,-59
14757395258967641292,0,0,0,0,0,0,0,0,0
14757395258967641292,0,0,0,0,0,0,0,0,0
14757395258967641292,0,0,0,0,0,0,0,0,0
14757395258967641292,0,0,0,0,0,0,0,0,0
14757395258967641292,3,5,-5,-3,-8,-4,-2,1,-13
14757395258967641292,0,0,0,0,0,0,0,0,0
14757395258967641292,0,0,0,0,0,0,0,0,0
14757395258967641292,0,3,4,2,-1,2,1,-2,9
14757395258967641292,0,0,0,0,0,0,0,0,0
14757395258967641292,0,0,0,0,0,0,0,0,0
14757395258967641292,0,0,0,0,0,0,0,0,0
14757395258967641292,-3,-3,-9,-2,-2,-7,-3,-4,-33
14757395258967641292,2,2,-6,3,1,0,0,2,4
14757395258967641292,0,0,0,0,0,0,0,0,0
14757395258967641292,0,0,0,0,0,0,0,0,0
14757395258967641292,0,0,0,0,0,0,0,0,0
14757395258967641292,3,7,9,5,1,1,2,2,30
14757395258967641292,0,0,0,0,0,0,0,0,0
14757395258967641292,0,0,0,0,0,0,0,0,0
14757395258967641292,-1,3,1,-5,-3,-1,-3,-1,-10
14757395258967641292,0,0,0,0,0,0,0,0,0
14757395258967641292,0,0,0,0,0,0,0,0,0
14757395258967641292,0,0,0,0,0,0,0,0,0
14757395258967641292,-1,-12,-8,-2,-4,-2,-3,-2,-34
14757395258967641292,-3,-6,-16,-4,-4,-2,-2,-4,-41
14757395258967641292,0,0,0,0,0,0,0,0,0
14757395258967641292,0,0,0,0,0,0,0,0,0
14757395258967641292,0,0,0,0,0,0,0,0,0
14757395258967641292,2,4,1,-6,-8,-6,1,-1,-13
14757395258967641292,0,0,0,0,0,0,0,0,0
14757395258967641292,0,0,0,0,0,0,0,0,0
14757395258967641292,1,-3,-5,4,3,-3,-3,-1,-7
14757395258967641292,1,-9,-6,-8,-5,-4,0,0,-31
14757395258967641292,0,0,0,0,0,0,0,0,0
14757395258967641292,0,0,0,0,0,0,0,0,0
14757395258967641292,4,13,2,-5,-5,-12,-7,-3,-13
14757395258967641292,-5,-3,-3,1,2,7,2,2,3
14757395258967641292,0,0,0,0,0,0,0,0,0
14757395258967641292,0,0,0,0,0,0,0,0,0
14757395258967641292,0,0,0,0,0,0,0,0,0
14757395258967641292,5,-3,-4,-9,-8,-10,-1,-3,-33
14757395258967641292,0,0,0,0,0,0,0,0,0
14757395258967641292,0,0,0,0,0,0,0,0,0
14757395258967641292,1,10,6,3,3,9,-2,0,30
14757395258967641292,1,2,2,6,2,0,6,2,21
14757395258967641292,0,0,0,0,0,0,0,0,0
14757395258967641292,0,0,0,0,0,0,0,0,0
14757395258967641292,0,-5,-11,-6,-11,-6,0,-1,-40
14757395258967641292,-6,-1,3,-7,-9,-13,-6,-2,-41
14757395258967641292,0,0,0,0,0,0,0,0,0
14757395258967641292,0,0,0,0,0,0,0,0,0
14757395258967641292,0,0,0,0,0,0,0,0,0
14757395258967641292,1,2,2,3,0,-1,0,0,7
14757395258967641292,0,0,0,0,0,0,0,0,0
14757395258967641292,0,0,0,0,0,0,0,0,0
14757395258967641292,1,-8,-12,-10,-10,-6,-4,-4,-53
14757395258967641292,-3,-4,7,-4,1,7,-6,-3,-5
14757395258967641292,0,0,0,0,0,0,0,0,0
14757395258967641292,0,0,0,0,0,0,0,0,0
14757395258967641292,-1,2,-12,-6,-6,-7,-2,0,-32
14757395258967641292,-5,-6,-7,4,4,7,0,0,-3
14757395258967641292,0,0,0,0,0,0,0,0,0
14757395258967641292,0,0,0,0,0,0,0,0,0
14757395258967641292,0,0,0,0,0,0,0,0,0
14757395258967641292,-2,0,-7,0,3,-5,-1,-1,-13
14757395258967641292,0,0,0,0,0,0,0,0,0
14757395258967641292,0,0,0,0,0,0,0,0,0
14757395258967641292,0,0,0,0,0,0,0,0,0
14757395258967641292,0,0,0,0,0,0,0,0,0
14757395258967641292,1,6,0,-2,-5,-5,-3,-5,-13
14757395258967641292,0,0,0,0,0,0,0,0,0
14757395258967641292,-5,-5,0,-3,-9,-5,-2,-1,-30
14757395258967641292,0,4,1,-1,0,-1,-4,-4,-5
14757395258967641292,0,0,0,0,0,0,0,0,0
14757395258967641292,0,0,0,0,0,0,0,0,0
14757395258967641292,0,0,0,0,0,0,0,0,0
14757395258967641292,-1,6,6,6,6,4,0,4,31
14757395258967641292,0,0,0,0,0,0,0,0,0
14757395258967641292,0,0,0,0,0,0,0,0,0
14757395258967641292,-2,-15,-8,1,-2,-2,1,-1,-28
14757395258967641292,0,0,0,0,0,0,0,0,0
14757395258967641292,0,0,0,0,0,0,0,0,0
14757395258967641292,0,0,0,0,0,0,0,0,0
14757395258967641292,0,0,0,0,0,0,0,0,0
14757395258967641292,0,0,0,0,0,0,0,0,0
14757395258967641292,6,18,13,6,2,3,-3,0,45
14757395258967641292,0,0,0,0,0,0,0,0,0
14757395258967641292,0,0,0,0,0,0,0,0,0
14757395258967641292,-13,-5,-1,-3,-4,-12,-7,-4,-49
14757395258967641292,0,0,0,0,0,0,0,0,0
14757395258967641292,0,0,0,0,0,0,0,0,0
14757395258967641292,-4,-11,3,2,3,3,2,-2,-4
14757395258967641292,0,0,0,0,0,0,0,0,0
14757395258967641292,0,0,0,0,0,0,0,0,0
14757395258967641292,0,0,0,0,0,0,0,0,0
14757395258967641292,4,1,-5,-5,-1,1,0,-1,-6
14757395258967641292,0,0,0,0,0,0,0,0,0
14757395258967641292,0,0,0,0,0,0,0,0,0
14757395258967641292,0,0,0,0,0,0,0,0,0
14757395258967641292,0,0,0,0,0,0,0,0,0
14757395258967641292,4,-3,0,4,3,6,3,1,18
14757395258967641292,0,0,0,0,0,0,0,0,0
14757395258967641292,0,0,0,0,0,0,0,0,0
14757395258967641292,-3,-16,-7,-6,-3,-3,-1,0,-39
14757395258967641292,0,0,0,0,0,0,0,0,0
14757395258967641292,0,0,0,0,0,0,0,0,0
14757395258967641292,0,0,0,0,0,0,0,0,0
14757395258967641292,-5,-19,-8,-3,-3,-1,-1,-2,-42
14757395258967641292,5,11,7,11,5,-1,-3,-2,33
14757395258967641292,0,0,0,0,0,0,0,0,0
14757395258967641292,0,0,0,0,0,0,0,0,0
14757395258967641292,0,0,0,0,0,0,0,0,0
14757395258967641292,-5,-5,-4,-8,-2,3,-1,-3,-25
14757395258967641292,0,0,0,0,0,0,0,0,0
14757395258967641292,0,0,0,0,0,0,0,0,0
14757395258967641292,2,7,4,3,3,1,2,0,22
14757395258967641292,0,3,-3,-4,-1,0,0,-1,-6
14757395258967641292,0,0,0,0,0,0,0,0,0
14757395258967641292,0,0,0,0,0,0,0,0,0
14757395258967641292,-2,-3,-1,-1,0,6,-5,-4,-10
14757395258967641292,-4,-16,-11,-5,-6,-6,-2,-1,-51
14757395258967641292,0,0,0,0,0,0,0,0,0
14757395258967641292,0,0,0,0,0,0,0,0,0
14757395258967641292,0,0,0,0,0,0,0,0,0
14757395258967641292,2,2,-2,-6,-2,-1,1,2,-4
14757395258967641292,0,0,0,0,0,0,0,0,0
14757395258967641292,0,0,0,0,0,0,0,0,0
14757395258967641292,1,4,2,0,-5,-6,-2,-1,-7
14757395258967641292,2,5,-1,1,3,-4,-1,-1,4
14757395258967641292,0,0,0,0,0,0,0,0,0
14757395258967641292,0,0,0,0,0,0,0,0,0
14757395258967641292,-8,-9,3,2,1,3,3,2,-3
14757395258967641292,-3,-2,-5,-7,-2,3,-1,-1,-18
14757395258967641292,0,0,0,0,0,0,0,0,0
14757395258967641292,0,0,0,0,0,0,0,0,0
14757395258967641292,0,0,0,0,0,0,0,0,0
14757395258967641292,-3,-6,-3,-8,-7,-6,-3,-3,-39
14757395258967641292,0,0,0,0,0,0,0,0,0
14757395258967641292,0,0,0,0,0,0,0,0,0
14757395258967641292,2,-3,1,-1,-1,2,2,0,2
14757395258967641292,-6,-2,-3,4,3,5,-3,-2,-4
14757395258967641292,0,0,0,0,0,0,0,0,0
14757395258967641292,0,0,0,0,0,0,0,0,0
14757395258967641292,0,-1,-3,-4,-4,-5,-3,-3,-23
14757395258967641292,-4,-1,4,0,2,-1,0,-1,-1
14757395258967641292,0,0,0,0,0,0,0,0,0
14757395258967641292,0,0,0,0,0,0,0,0,0
14757395258967641292,0,0,0,0,0,0,0,0,0
14757395258967641292,4,10,-2,-4,-5,0,-3,-4,-4
14757395258967641292,0,0,0,0,0,0,0,0,0
14757395258967641292,0,0,0,0,0,0,0,0,0
14757395258967641292,0,-3,-7,-2,-1,-3,-2,-3,-21
14757395258967641292,2,-2,-4,-4,-3,-2,-2,1,-14
14757395258967641292,0,0,0,0,0,0,0,0,0
14757395258967641292,0,0,0,0,0,0,0,0,0
14757395258967641292,2,3,4,-1,-3,2,-2,-1,4
14757395258967641292,-2,-2,4,4,3,-1,1,1,8
14757395258967641292,0,0,0,0,0,0,0,0,0
14757395258967641292,0,0,0,0,0,0,0,0,0
14757395258967641292,0,0,0,0,0,0,0,0,0
14757395258967641292,4,11,-2,-3,-2,-4,-1,-1,2
14757395258967641292,0,9,1,7,6,6,6,0,35
14757395258967641292,0,0,0,0,0,0,0,0,0
14757395258967641292,0,0,-1,-1,-18,-5,-4,-1,-30
14757395258967641292,1,0,2,2,4,2,0,1,12
14757395258967641292,0,0,0,0,0,0,0,0,0
14757395258967641292,0,0,0,0,0,0,0,0,0
14757395258967641292,0,4,4,3,1,3,-1,-1,13
14757395258967641292,-4,-14,0,-2,-2,-4,-1,-3,-30
14757395258967641292,0,0,0,0,0,0,0,0,0
14757395258967641292,0,0,0,0,0,0,0,0,0
14757395258967641292,0,0,0,0,0,0,0,0,0
14757395258967641292,1,-1,0,-1,-2,3,-1,1,0
14757395258967641292,0,0,0,0,0,0,0,0,0
14757395258967641292,0,0,0,0,0,0,0,0,0
14757395258967641292,0,0,0,0,0,0,0,0,0
14757395258967641292,-5,-7,-6,-7,-4,-4,1,-3,-35
14757395258967641292,3,4,-1,-1,-4,-3,-3,0,-5
14757395258967641292,0,0,0,0,0,0,0,0,0
14757395258967641292,-3,-6,-7,-1,7,-2,-1,-3,-16
14757395258967641292,0,-8,-2,-1,-4,0,-1,-3,-19
14757395258967641292,0,0,0,0,0,0,0,0,0
14757395258967641292,0,0,0,0,0,0,0,0,0
14757395258967641292,0,0,0,0,0,0,0,0,0
14757395258967641292,-7,-3,-1,0,-2,-3,-4,0,-20
14757395258967641292,0,0,0,0,0,0,0,0,0
14757395258967641292,0,0,0,0,0,0,0,0,0
14757395258967641292,3,-1,-3,-4,-5,-1,-1,1,-11
14757395258967641292,2,1,2,-2,-1,0,-1,-6,-5
14757395258967641292,0,0,0,0,0,0,0,0,0
14757395258967641292,0,0,0,0,0,0,0,0,0
14757395258967641292,0,3,-2,-2,-3,-1,-3,1,-7
14757395258967641292,0,0,0,0,0,0,0,0,0
14757395258967641292,0,0,0,0,0,0,0,0,0
14757395258967641292,0,0,0,0,0,0,0,0,0
14757395258967641292,0,0,0,0,0,0,0,0,0
14757395258967641292,1,2,1,1,14,0,2,1,22
14757395258967641292,0,0,0,0,0,0,0,0,0
14757395258967641292,0,0,0,0,0,0,0,0,0
14757395258967641292,0,0,0,0,0,0,0,0,0
14757395258967641292,1,-3,6,-2,-2,0,-1,-2,-3
14757395258967641292,-1,-4,-4,-5,-7,-2,2,1,-20
14757395258967641292,0,0,0,0,0,0,0,0,0
14757395258967641292,-6,-13,-7,-2,-2,-1,-1,-2,-34
14757395258967641292,0,2,3,-3,-2,-1,-5,-2,-8
14757395258967641292,0,0,0,0,0,0,0,0,0
14757395258967641292,0,0,0,0,0,0,0,0,0
14757395258967641292,0,0,0,0,0,0,0,0,0
14757395258967641292,-3,-5,-2,2,-2,-1,-1,1,-11
14757395258967641292,0,0,0,0,0,0,0,0,0
14757395258967641292,0,0,0,0,0,0,0,0,0
14757395258967641292,0,0,0,0,0,0,0,0,0
14757395258967641292,1,3,5,-3,-3,-4,-1,1,-1
14757395258967641292,-5,-7,-6,-4,-12,-4,-1,-4,-43
14757395258967641292,0,0,0,0,0,0,0,0,0
14757395258967641292,-2,4,-10,-7,-1,-2,1,-2,-19
14757395258967641292,0,0,0,0,0,0,0,0,0
14757395258967641292,0,0,0,0,0,0,0,0,0
14757395258967641292,0,0,0,0,0,0,0,0,0
14757395258967641292,0,0,0,0,0,0,0,0,0
14757395258967641292,1,1,1,3,1,0,2,-1,8
14757395258967641292,0,0,0,0,0,0,0,0,0
14757395258967641292,0,0,0,0,0,0,0,0,0
14757395258967641292,0,0,0,0,0,0,0,0,0
14757395258967641292,-3,-6,-3,-4,-7,-2,0,1,-24
14757395258967641292,1,6,3,2,4,0,-2,0,14
14757395258967641292,0,0,0,0,0,0,0,0,0
14757395258967641292,-2,-3,4,3,1,-4,-3,-1,-5
14757395258967641292,0,0,0,0,0,0,0,0,0
14757395258967641292,-2,-3,-2,-4,-3,0,-3,-4,-21
14757395258967641292,0,0,0,0,0,0,0,0,0
14757395258967641292,0,0,0,0,0,0,0,0,0
14757395258967641292,-1,-5,-2,-3,-2,0,-1,0,-14
14757395258967641292,0,0,0,0,0,0,0,0,0
14757395258967641292,0,0,0,0,0,0,0,0,0
14757395258967641292,0,0,0,0,0,0,0,0,0
14757395258967641292,-3,1,-1,9,-2,-3,-1,-2,-2
14757395258967641292,1,-4,0,1,1,1,0,1,1
14757395258967641292,0,0,0,0,0,0,0,0,0
14757395258967641292,2,-1,-1,-10,-7,-1,1,-4,-21
14757395258967641292,1,6,1,2,2,-1,0,0,11
14757395258967641292,0,0,0,0,0,0,0,0,0
14757395258967641292,0,0,0,0,0,0,0,0,0
14757395258967641292,0,0,0,0,0,0,0,0,0
14757395258967641292,0,4,5,2,4,0,-1,1,15
14757395258967641292,0,0,0,0,0,0,0,0,0
14757395258967641292,0,0,0,0,0,0,0,0,0
14757395258967641292,0,0,0,0,0,0,0,0,0
14757395258967641292,-1,-8,-10,-3,5,-2,-3,-3,-25
14757395258967641292,-2,-3,1,-1,-6,-3,-1,-2,-17
14757395258967641292,0,0,0,0,0,0,0,0,0
14757395258967641292,-9,-10,1,-3,-10,-2,-3,-5,-41
14757395258967641292,0,0,0,0,0,0,0,0,0
14757395258967641292,1,0,-2,0,-1,-3,-3,-1,-9
14757395258967641292,0,0,0,0,0,0,0,0,0
14757395258967641292,0,0,0,0,0,0,0,0,0
14757395258967641292,-3,0,1,1,-2,-2,-2,0,-7
14757395258967641292,0,0,0,0,0,0,0,0,0
14757395258967641292,0,0,0,0,0,0,0,0,0
14757395258967641292,0,0,0,0,0,0,0,0,0
14757395258967641292,1,4,4,-4,-1,-1,1,-2,2
14757395258967641292,-2,-4,-2,-4,-2,-1,0,-2,-17
14757395258967641292,0,0,0,0,0,0,0,0,0
14757395258967641292,-1,1,-3,4,5,0,-4,2,4
14757395258967641292,0,0,0,0,0,0,0,0,0
14757395258967641292,-2,-7,-4,-3,1,-2,-1,-3,-21
14757395258967641292,0,0,0,0,0,0,0,0,0
14757395258967641292,0,0,0,0,0,0,0,0,0
14757395258967641292,1,3,4,-2,-1,-3,-2,0,0
14757395258967641292,0,0,0,0,0,0,0,0,0
14757395258967641292,0,0,0,0,0,0,0,0,0
14757395258967641292,0,0,0,0,0,0,0,0,0
14757395258967641292,2,2,1,5,0,0,-1,-2,7
14757395258967641292,0,4,0,-1,-3,0,0,-2,-2
14757395258967641292,0,0,0,0,0,0,0,0,0
14757395258967641292,-1,6,0,-2,0,0,-1,1,3
14757395258967641292,-5,-12,-9,-6,5,1,-2,-5,-33
14757395258967641292,0,0,0,0,0,0,0,0,0
14757395258967641292,0,0,0,0,0,0,0,0,0
14757395258967641292,0,0,0,0,0,0,0,0,0
14757395258967641292,2,7,1,7,3,-1,0,1,20
14757395258967641292,0,0,0,0,0,0,0,0,0
14757395258967641292,0,0,0,0,0,0,0,0,0
14757395258967641292,0,0,0,0,0,0,0,0,0
14757395258967641292,-1,-8,-7,-1,-7,-1,-1,-1,-27
14757395258967641292,-3,-8,-4,-2,-3,-2,0,-2,-24
14757395258967641292,0,0,0,0,0,0,0,0,0
14757395258967641292,2,3,-4,-6,-2,-2,-4,-2,-15
14757395258967641292,0,2,1,4,-1,0,-2,0,4
14757395258967641292,0,0,0,0,0,0,0,0,0
14757395258967641292,0,0,0,0,0,0,0,0,0
14757395258967641292,0,0,0,0,0,0,0,0,0
14757395258967641292,1,2,3,6,3,6,0,0,21
14757395258967641292,0,0,0,0,0,0,0,0,0
14757395258967641292,0,0,0,0,0,0,0,0,0
14757395258967641292,0,0,0,0,0,0,0,0,0
14757395258967641292,0,-1,1,-2,3,-3,-1,-1,-4
14757395258967641292,1,1,-3,-6,-8,-4,-2,-1,-22
14757395258967641292,0,0,0,0,0,0,0,0,0
14757395258967641292,-2,-6,-4,6,10,3,0,-1,6
14757395258967641292,-2,-5,-5,-7,-4,-2,-2,-3,-30
14757395258967641292,0,0,0,0,0,0,0,0,0
14757395258967641292,0,0,0,0,0,0,0,0,0
14757395258967641292,0,0,0,0,0,0,0,0,0
14757395258967641292,-5,-5,-7,-3,-1,1,-3,1,-22
14757395258967641292,0,0,0,0,0,0,0,0,0
14757395258967641292,0,0,0,0,0,0,0,0,0
14757395258967641292,0,0,0,0,0,0,0,0,0
14757395258967641292,-2,-2,-6,-7,-6,-1,-2,-1,-27
14757395258967641292,2,1,4,1,-1,-2,2,1,8
14757395258967641292,0,0,0,0,0,0,0,0,0
14757395258967641292,-1,0,0,0,3,-1,0,0,1
14757395258967641292,3,6,6,-1,1,-1,0,-1,13
14757395258967641292,0,0,0,0,0,0,0,0,0
14757395258967641292,0,0,0,0,0,0,0,0,0
14757395258967641292,0,0,0,0,0,0,0,0,0
14757395258967641292,0,2,-1,-1,-5,-2,0,-2,-9
14757395258967641292,0,0,0,0,0,0,0,0,0
14757395258967641292,0,0,0,0,0,0,0,0,0
14757395258967641292,0,0,0,0,0,0,0,0,0
14757395258967641292,-4,-7,0,-2,0,-4,-3,-1,-21
14757395258967641292,-1,0,2,16,6,3,3,2,31
14757395258967641292,0,0,0,0,0,0,0,0,0
14757395258967641292,-1,-2,-3,-2,-3,-2,-3,-2,-18
14757395258967641292,0,-1,2,-1,-3,-4,-3,-2,-12
14757395258967641292,0,0,0,0,0,0,0,0,0
14757395258967641292,0,0,0,0,0,0,0,0,0
14757395258967641292,0,0,0,0,0,0,0,0,0
14757395258967641292,-3,-5,-6,-6,-7,-3,-1,-2,-33
14757395258967641292,0,0,0,0,0,0,0,0,0
14757395258967641292,0,0,0,0,0,0,0,0,0
14757395258967641292,0,0,0,0,0,0,0,0,0
14757395258967641292,-2,-6,-4,-5,4,3,0,-2,-12
14757395258967641292,-1,2,0,-6,-7,-4,-1,-1,-18
14757395258967641292,0,0,0,0,0,0,0,0,0
14757395258967641292,-1,2,0,-1,-1,-2,1,-1,-3
14757395258967641292,0,0,0,0,0,0,0,0,0
14757395258967641292,-2,-3,-4,-9,-2,-2,-2,0,-24
14757395258967641292,0,0,0,0,0,0,0,0,0
14757395258967641292,0,0,0,0,0,0,0,0,0
14757395258967641292,-2,-9,-5,0,3,2,-1,-1,-13
14757395258967641292,0,0,0,0,0,0,0,0,0
14757395258967641292,0,0,0,0,0,0,0,0,0
14757395258967641292,0,0,0,0,0,0,0,0,0
14757395258967641292,-3,-3,-6,-4,-5,-3,-2,-5,-31
14757395258967641292,0,-1,0,-3,-2,-2,0,-2,-10
14757395258967641292,0,0,0,0,0,0,0,0,0
14757395258967641292,-2,-1,-1,-2,-1,-4,0,0,-11
14757395258967641292,0,0,0,0,0,0,0,0,0
14757395258967641292,-2,1,6,4,4,-1,-3,-1,8
14757395258967641292,0,0,0,0,0,0,0,0,0
14757395258967641292,0,0,0,0,0,0,0,0,0
14757395258967641292,2,-2,1,0,-1,0,-1,-2,-3
14757395258967641292,0,0,0,0,0,0,0,0,0
14757395258967641292,0,0,0,0,0,0,0,0,0
14757395258967641292,0,0,0,0,0,0,0,0,0
14757395258967641292,-1,1,-2,2,12,3,2,-1,16
14757395258967641292,0,0,0,0,0,0,0,0,0
14757395258967641292,0,0,0,0,0,0,0,0,0
14757395258967641292,-1,-3,-3,-4,0,-4,-5,-1,-21
14757395258967641292,0,0,0,0,0,0,0,0,0
14757395258967641292,1,6,3,3,-3,-1,-2,1,8
14757395258967641292,0,0,0,0,0,0,0,0,0
14757395258967641292,0,0,0,0,0,0,0,0,0
14757395258967641292,-2,-1,-4,-4,-10,-4,-4,-2,-31
14757395258967641292,0,0,0,0,0,0,0,0,0
14757395258967641292,0,0,0,0,0,0,0,0,0
14757395258967641292,0,0,0,0,0,0,0,0,0
14757395258967641292,-2,-10,-7,-3,3,1,-2,-2,-22
14757395258967641292,0,-3,-4,-5,-2,-2,-1,0,-17
14757395258967641292,0,0,0,0,0,0,0,0,0
14757395258967641292,-5,1,1,0,-4,-1,0,-1,-9
14757395258967641292,0,0,0,0,0,0,0,0,0
14757395258967641292,-3,-5,-4,-3,2,3,0,-2,-12
14757395258967641292,0,0,0,0,0,0,0,0,0
14757395258967641292,0,0,0,0,0,0,0,0,0
14757395258967641292,0,0,4,1,9,-1,-2,-1,10
14757395258967641292,0,0,0,0,0,0,0,0,0
14757395258967641292,0,0,0,0,0,0,0,0,0
14757395258967641292,0,0,0,0,0,0,0,0,0
14757395258967641292,2,0,0,-2,-3,-1,-1,1,-4
14757395258967641292,-1,-1,-4,-2,-5,-1,0,0,-14
14757395258967641292,0,0,0,0,0,0,0,0,0
14757395258967641292,-1,1,0,4,1,-1,-3,-2,-1
14757395258967641292,0,0,0,0,0,0,0,0,0
14757395258967641292,0,0,0,0,0,0,0,0,0
14757395258967641292,2,2,8,4,0,0,-1,0,15
14757395258967641292,0,0,0,0,0,0,0,0,0
14757395258967641292,-2,-2,-6,-2,-2,-3,1,-3,-19
14757395258967641292,0,0,0,0,0,0,0,0,0
14757395258967641292,0,0,0,0,0,0,0,0,0
14757395258967641292,0,0,0,0,0,0,0,0,0
14757395258967641292,1,2,3,1,-1,0,1,0,7
14757395258967641292,-1,1,-3,-5,-2,0,-3,1,-12
14757395258967641292,0,0,0,0,0,0,0,0,0
14757395258967641292,-1,-2,-2,-2,10,0,-2,0,1
14757395258967641292,0,0,0,0,0,0,0,0,0
14757395258967641292,-1,-2,1,1,-8,-2,-2,-1,-14
14757395258967641292,0,0,0,0,0,0,0,0,0
14757395258967641292,0,0,0,0,0,0,0,0,0
14757395258967641292,-2,-5,-6,-9,-1,-1,0,-1,-25
14757395258967641292,0,0,0,0,0,0,0,0,0
14757395258967641292,0,0,0,0,0,0,0,0,0
14757395258967641292,0,0,0,0,0,0,0,0,0
14757395258967641292,-3,-5,-2,-1,-3,-2,-4,-2,-22
14757395258967641292,0,-3,1,1,-3,-2,-1,0,-7
14757395258967641292,0,0,0,0,0,0,0,0,0
14757395258967641292,0,0,0,0,0,0,0,0,0
14757395258967641292,0,0,0,0,0,0,0,0,0
14757395258967641292,0,3,1,-2,0,-1,2,1,4
14757395258967641292,0,0,0,0,0,0,0,0,0
14757395258967641292,0,0,0,0,0,0,0,0,0
14757395258967641292,-1,-3,1,-1,5,1,0,-3,-1
14757395258967641292,0,0,0,0,0,0,0,0,0
14757395258967641292,0,0,0,0,0,0,0,0,0
14757395258967641292,0,0,0,0,0,0,0,0,0
14757395258967641292,1,8,5,6,-3,1,0,0,18
14757395258967641292,-2,-2,-6,-6,-11,-5,-1,-3,-36
14757395258967641292,0,0,0,0,0,0,0,0,0
14757395258967641292,0,0,0,0,0,0,0,0,0
14757395258967641292,0,0,0,0,0,0,0,0,0
14757395258967641292,1,6,9,6,5,1,0,1,29
14757395258967641292,0,0,0,0,0,0,0,0,0
14757395258967641292,0,0,0,0,0,0,0,0,0
14757395258967641292,-1,-6,-7,0,-2,-2,-4,-1,-23
14757395258967641292,0,0,0,0,0,0,0,0,0
14757395258967641292,0,0,0,0,0,0,0,0,0
14757395258967641292,0,0,0,0,0,0,0,0,0
14757395258967641292,-2,0,-3,-3,-4,-2,-1,1,-14
14757395258967641292,-4,-4,-2,3,13,2,0,-4,4
14757395258967641292,0,0,0,0,0,0,0,0,0
14757395258967641292,0,0,0,0,0,0,0,0,0
14757395258967641292,0,0,0,0,0,0,0,0,0
14757395258967641292,2,1,0,-4,-9,-3,-1,-2,-16
14757395258967641292,0,0,0,0,0,0,0,0,0
14757395258967641292,0,0,0,0,0,0,0,0,0
14757395258967641292,1,2,0,1,-3,-1,-1,2,1
14757395258967641292,0,0,0,0,0,0,0,0,0
14757395258967641292,0,0,0,0,0,0,0,0,0
14757395258967641292,0,0,0,0,0,0,0,0,0
14757395258967641292,0,2,6,-1,-2,1,0,2,8
14757395258967641292,-1,-2,3,-1,2,0,-1,-1,-1
14757395258967641292,0,0,0,0,0,0,0,0,0
14757395258967641292,0,0,0,0,0,0,0,0,0
14757395258967641292,0,0,0,0,0,0,0,0,0
14757395258967641292,-2,2,1,6,3,3,0,-1,12
14757395258967641292,0,0,0,0,0,0,0,0,0
14757395258967641292,0,0,0,0,0,0,0,0,0
14757395258967641292,0,-2,-3,-9,-23,-6,-2,-2,-47
14757395258967641292,0,0,0,0,0,0,0,0,0
14757395258967641292,0,0,0,0,0,0,0,0,0
14757395258967641292,0,0,0,0,0,0,0,0,0
14757395258967641292,0,-1,0,0,2,0,0,1,2
14757395258967641292,-2,-4,-3,1,2,1,-2,-3,-10
14757395258967641292,0,0,0,0,0,0,0,0,0
14757395258967641292,0,0,0,0,0,0,0,0,0
14757395258967641292,0,0,0,0,0,0,0,0,0
14757395258967641292,-2,2,2,-1,0,-3,-1,0,-3
14757395258967641292,0,0,0,0,0,0,0,0,0
14757395258967641292,0,0,0,0,0,0,0,0,0
14757395258967641292,-2,-7,-5,-3,1,1,-1,1,-15
14757395258967641292,0,0,0,0,0,0,0,0,0
14757395258967641292,0,0,0,0,0,0,0,0,0
14757395258967641292,0,0,0,0,0,0,0,0,0
14757395258967641292,-2,0,0,-1,-2,-3,1,-4,-11
14757395258967641292,0,3,1,0,3,-1,0,-1,5
14757395258967641292,0,0,0,0,0,0,0,0,0
14757395258967641292,0,0,0,0,0,0,0,0,0
14757395258967641292,0,0,0,0,0,0,0,0,0
14757395258967641292,3,4,5,4,3,2,0,0,21
14757395258967641292,0,0,0,0,0,0,0,0,0
14757395258967641292,0,0,0,0,0,0,0,0,0
14757395258967641292,-3,-4,-4,-1,-3,1,-3,0,-17
14757395258967641292,0,0,0,0,0,0,0,0,0
14757395258967641292,0,0,0,0,0,0,0,0,0
14757395258967641292,0,0,0,0,0,0,0,0,0
14757395258967641292,-1,3,-1,-4,1,-1,1,-2,-4
14757395258967641292,0,0,0,0,0,0,0,0,0
14757395258967641292,0,0,0,0,0,0,0,0,0
14757395258967641292,0,0,0,0,0,0,0,0,0
14757395258967641292,0,0,0,0,0,0,0,0,0
14757395258967641292,-1,-5,-6,-6,0,-6,-2,-2,-28
14757395258967641292,0,0,0,0,0,0,0,0,0
14757395258967641292,0,0,0,0,0,0,0,0,0
14757395258967641292,-3,-2,-5,2,-2,-1,-2,0,-13
14757395258967641292,0,0,0,0,0,0,0,0,0
14757395258967641292,0,0,0,0,0,0,0,0,0
14757395258967641292,0,0,0,0,0,0,0,0,0
14757395258967641292,1,0,1,-1,-5,1,0,0,-3
14757395258967641292,-1,-5,-6,-2,-3,-3,-1,-1,-22
14757395258967641292,0,0,0,0,0,0,0,0,0
14757395258967641292,0,0,0,0,0,0,0,0,0
14757395258967641292,0,0,0,0,0,0,0,0,0
14757395258967641292,-1,-1,-2,-1,-1,1,2,1,-2
14757395258967641292,0,0,0,0,0,0,0,0,0
14757395258967641292,0,0,0,0,0,0,0,0,0
14757395258967641292,0,0,0,1,0,0,-2,-1,-2
14757395258967641292,0,0,0,0,0,0,0,0,0
14757395258967641292,0,0,0,0,0,0,0,0,0
14757395258967641292,0,0,0,0,0,0,0,0,0
14757395258967641292,-2,-4,-4,-2,-6,-2,0,-3,-23
14757395258967641292,1,2,3,1,-2,-1,0,0,4
14757395258967641292,0,0,0,0,0,0,0,0,0
14757395258967641292,0,0,0,0,0,0,0,0,0
14757395258967641292,0,0,0,0,0,0,0,0,0
14757395258967641292,-1,-1,-3,-4,-2,-4,-2,-2,-19
14757395258967641292,0,0,0,0,0,0,0,0,0
14757395258967641292,0,0,0,0,0,0,0,0,0
14757395258967641292,2,2,3,4,2,1,2,-2,14
14757395258967641292,0,0,0,0,0,0,0,0,0
14757395258967641292,0,0,0,0,0,0,0,0,0
14757395258967641292,0,0,0,0,0,0,0,0,0
14757395258967641292,-1,1,4,6,3,3,-1,-2,13
14757395258967641292,-2,-1,-3,-8,-8,-4,-3,-1,-30
14757395258967641292,0,0,0,0,0,0,0,0,0
14757395258967641292,0,0,0,0,0,0,0,0,0
14757395258967641292,0,0,0,0,0,0,0,0,0
14757395258967641292,-2,-4,0,-1,-2,-2,0,-3,-14
14757395258967641292,0,0,0,0,0,0,0,0,0
14757395258967641292,0,0,0,0,0,0,0,0,0
14757395258967641292,-2,-3,-2,1,-2,-3,-2,-1,-14
14757395258967641292,2,-4,-3,-4,-5,-2,-2,1,-17
14757395258967641292,0,0,0,0,0,0,0,0,0
14757395258967641292,0,0,0,0,0,0,0,0,0
14757395258967641292,0,0,0,0,0,0,0,0,0
14757395258967641292,0,0,0,0,0,0,0,0,0
14757395258967641292,-1,2,2,5,4,0,-1,-1,10
14757395258967641292,0,0,0,0,0,0,0,0,0
14757395258967641292,0,0,0,0,0,0,0,0,0
14757395258967641292,1,-2,0,-2,-5,-4,-1,0,-13
14757395258967641292,0,0,0,0,0,0,0,0,0
14757395258967641292,0,0,0,0,0,0,0,0,0
14757395258967641292,3,4,3,-1,6,3,1,-1,18
14757395258967641292,-2,-1,-3,2,3,2,-2,-1,-2
14757395258967641292,0,0,0,0,0,0,0,0,0
14757395258967641292,0,0,0,0,0,0,0,0,0
14757395258967641292,-3,-6,-4,-7,-11,-5,-4,-1,-41
14757395258967641292,-2,0,-1,-4,-2,-2,0,0,-11
14757395258967641292,0,0,0,0,0,0,0,0,0
14757395258967641292,0,0,0,0,0,0,0,0,0
14757395258967641292,0,0,0,0,0,0,0,0,0
14757395258967641292,-2,-2,-3,1,-1,-1,-1,-5,-14
14757395258967641292,0,0,0,0,0,0,0,0,0
14757395258967641292,0,0,0,0,0,0,0,0,0
14757395258967641292,1,5,6,1,1,-3,-2,0,9
14757395258967641292,0,2,-2,-1,6,1,1,0,7
14757395258967641292,0,0,0,0,0,0,0,0,0
14757395258967641292,0,0,0,0,0,0,0,0,0
14757395258967641292,-1,1,-1,1,-5,1,-1,2,-3
14757395258967641292,-3,-2,-3,-2,-1,-4,-3,-5,-23
14757395258967641292,0,0,0,0,0,0,0,0,0
14757395258967641292,0,0,0,0,0,0,0,0,0
14757395258967641292,0,0,0,0,0,0,0,0,0
14757395258967641292,0,4,7,6,-2,3,4,2,24
14757395258967641292,0,0,0,0,0,0,0,0,0
14757395258967641292,0,0,0,0,0,0,0,0,0
14757395258967641292,-2,-8,-5,-6,0,-1,-5,-1,-28
14757395258967641292,-4,-1,2,1,-1,0,-2,0,-5
14757395258967641292,0,0,0,0,0,0,0,0,0
14757395258967641292,0,0,0,0,0,0,0,0,0
14757395258967641292,0,-3,-2,-2,-1,-1,-2,-4,-15
14757395258967641292,0,0,0,0,0,0,0,0,0
14757395258967641292,0,0,0,0,0,0,0,0,0
14757395258967641292,0,0,0,0,0,0,0,0,0
14757395258967641292,0,0,0,0,0,0,0,0,0
14757395258967641292,1,0,-1,-3,1,0,0,2,0
14757395258967641292,0,0,0,0,0,0,0,0,0
14757395258967641292,0,0,0,0,0,0,0,0,0
14757395258967641292,-1,-2,-4,-4,-2,-2,0,-1,-16
14757395258967641292,0,2,2,0,6,1,1,-1,11
14757395258967641292,0,0,0,0,0,0,0,0,0
14757395258967641292,0,0,0,0,0,0,0,0,0
14757395258967641292,-1,-2,-2,2,-5,-2,-2,1,-11
14757395258967641292,0,0,0,0,0,0,0,0,0
14757395258967641292,0,0,0,0,0,0,0,0,0
14757395258967641292,0,0,0,0,0,0,0,0,0
14757395258967641292,0,0,0,0,0,0,0,0,0
14757395258967641292,0,2,3,4,1,2,2,1,15
14757395258967641292,0,0,0,0,0,0,0,0,0
14757395258967641292,0,0,0,0,0,0,0,0,0
14757395258967641292,-1,0,3,0,-2,-2,-1,-2,-5
14757395258967641292,0,0,0,0,0,0,0,0,0
14757395258967641292,-1,-4,-5,-6,-1,-1,-3,0,-21
14757395258967641292,0,0,0,0,0,0,0,0,0
14757395258967641292,0,0,0,0,0,0,0,0,0
14757395258967641292,1,-2,-2,-3,-6,-2,-2,-1,-17
14757395258967641292,0,0,0,0,0,0,0,0,0
14757395258967641292,0,0,0,0,0,0,0,0,0
14757395258967641292,0,0,0,0,0,0,0,0,0
14757395258967641292,-3,-1,-2,-4,-6,-5,-2,0,-23
14757395258967641292,0,0,0,0,0,0,0,0,0
14757395258967641292,0,0,0,0,0,0,0,0,0
14757395258967641292,0,0,0,0,0,0,0,0,0
14757395258967641292,0,0,0,0,0,0,0,0,0
14757395258967641292,0,-2,-3,-2,-2,-1,-2,-1,-13
14757395258967641292,0,0,0,0,0,0,0,0,0
14757395258967641292,-2,-4,-7,-4,-7,-2,0,0,-26
14757395258967641292,-3,-1,1,-2,-1,1,-1,-3,-9
14757395258967641292,0,0,0,0,0,0,0,0,0
14757395258967641292,0,0,0,0,0,0,0,0,0
14757395258967641292,0,0,0,0,0,0,0,0,0
14757395258967641292,2,-2,-3,-4,-2,-2,2,0,-9
14757395258967641292,0,0,0,0,0,0,0,0,0
14757395258967641292,0,0,0,0,0,0,0,0,0
14757395258967641292,0,0,0,0,0,0,0,0,0
14757395258967641292,0,0,0,0,0,0,0,0,0
14757395258967641292,-1,-2,-2,-3,-14,-1,-3,-1,-27
14757395258967641292,0,0,0,0,0,0,0,0,0
14757395258967641292,-4,-4,-2,1,4,1,-3,-1,-8
14757395258967641292,-1,-2,-2,-3,2,-1,-2,-1,-10
14757395258967641292,0,0,0,0,0,0,0,0,0
14757395258967641292,0,0,0,0,0,0,0,0,0
14757395258967641292,0,0,0,0,0,0,0,0,0
14757395258967641292,-2,1,2,3,0,1,-1,-3,1
14757395258967641292,0,0,0,0,0,0,0,0,0
14757395258967641292,0,0,0,0,0,0,0,0,0
14757395258967641292,0,0,0,0,0,0,0,0,0
14757395258967641292,0,0,0,0,0,0,0,0,0
14757395258967641292,-2,-4,-2,0,1,-2,0,0,-9
14757395258967641292,0,0,0,0,0,0,0,0,0
14757395258967641292,-2,-1,-3,-3,-2,-1,-1,-1,-14
14757395258967641292,-2,-4,-4,2,2,-5,-1,-2,-14
14757395258967641292,0,0,0,0,0,0,0,0,0
14757395258967641292,0,0,0,0,0,0,0,0,0
14757395258967641292,0,0,0,0,0,0,0,0,0
14757395258967641292,-1,-3,-6,0,6,1,0,-1,-4
14757395258967641292,0,0,0,0,0,0,0,0,0
14757395258967641292,0,0,0,0,0,0,0,0,0
14757395258967641292,0,0,0,0,0,0,0,0,0
14757395258967641292,0,0,0,0,0,0,0,0,0
14757395258967641292,1,3,5,0,2,0,1,-1,11
14757395258967641292,0,0,0,0,0,0,0,0,0
14757395258967641292,-4,0,-2,2,0,0,0,-1,-5
14757395258967641292,-4,-2,0,0,-2,0,-2,-1,-11
14757395258967641292,0,0,0,0,0,0,0,0,0
14757395258967641292,0,0,0,0,0,0,0,0,0
14757395258967641292,0,0,0,0,0,0,0,0,0
14757395258967641292,-1,-3,-1,-4,-4,-2,-2,0,-17
14757395258967641292,0,0,0,0,0,0,0,0,0
14757395258967641292,0,0,0,0,0,0,0,0,0
14757395258967641292,0,0,0,0,0,0,0,0,0
14757395258967641292,0,0,0,0,0,0,0,0,0
14757395258967641292,0,-2,-3,-3,10,1,-1,-1,1
14757395258967641292,0,0,0,0,0,0,0,0,0
14757395258967641292,1,-1,0,-1,-7,-3,1,1,-9
14757395258967641292,-1,3,0,4,-3,-1,-1,1,2
14757395258967641292,0,0,0,0,0,0,0,0,0
14757395258967641292,0,0,0,0,0,0,0,0,0
14757395258967641292,0,0,0,0,0,0,0,0,0
14757395258967641292,0,0,3,1,1,-2,1,-1,3
14757395258967641292,0,0,0,0,0,0,0,0,0
14757395258967641292,0,0,0,0,0,0,0,0,0
14757395258967641292,0,0,0,0,0,0,0,0,0
14757395258967641292,1,1,0,-3,-4,-4,0,-2,-11
14757395258967641292,0,4,4,5,5,3,1,-2,20
14757395258967641292,0,0,0,0,0,0,0,0,0
14757395258967641292,1,-2,-3,-2,-2,-3,-5,-3,-19
14757395258967641292,-2,-3,-2,3,2,4,0,0,2
14757395258967641292,0,0,0,0,0,0,0,0,0
14757395258967641292,0,0,0,0,0,0,0,0,0
14757395258967641292,0,0,0,0,0,0,0,0,0
14757395258967641292,1,-1,-2,-7,-12,-4,-3,-2,-30
14757395258967641292,0,0,0,0,0,0,0,0,0
14757395258967641292,0,0,0,0,0,0,0,0,0
14757395258967641292,0,0,0,0,0,0,0,0,0
14757395258967641292,1,3,4,1,-6,-4,-1,-1,-3
14757395258967641292,2,1,0,0,2,-3,1,-2,1
14757395258967641292,0,0,0,0,0,0,0,0,0
14757395258967641292,1,-2,-1,-2,-6,-2,-2,-1,-15
14757395258967641292,-1,0,-1,-2,1,2,0,-1,-2
14757395258967641292,0,0,0,0,0,0,0,0,0
14757395258967641292,0,0,0,0,0,0,0,0,0
14757395258967641292,0,0,0,0,0,0,0,0,0
14757395258967641292,-1,-1,0,-3,-6,-2,-1,-1,-15
14757395258967641292,0,0,0,0,0,0,0,0,0
14757395258967641292,0,0,0,0,0,0,0,0,0
14757395258967641292,0,0,0,0,0,0,0,0,0
14757395258967641292,0,0,0,0,0,0,0,0,0
14757395258967641292,0,0,0,0,0,0,0,0,0
14757395258967641292,-1,5,0,-5,-7,-6,-1,-3,-18
14757395258967641292,-2,-5,-2,-2,-2,-2,-4,-3,-22
14757395258967641292,0,0,0,0,0,0,0,0,0
14757395258967641292,0,0,0,0,0,0,0,0,0
14757395258967641292,0,0,0,0,0,0,0,0,0
14757395258967641292,0,0,0,0,0,0,0,0,0
14757395258967641292,-4,-7,-4,-1,1,1,1,-1,-14
14757395258967641292,0,0,0,0,0,0,0,0,0
14757395258967641292,0,0,0,0,0,0,0,0,0
14757395258967641292,0,0,0,0,0,0,0,0,0
14757395258967641292,1,-1,-2,0,-3,-1,-3,0,-9
14757395258967641292,0,0,0,0,0,0,0,0,0
14757395258967641292,0,0,0,0,0,0,0,0,0
14757395258967641292,0,-1,-1,1,1,0,0,0,0
14757395258967641292,0,0,0,0,0,0,0,0,0
14757395258967641292,0,0,0,0,0,0,0,0,0
14757395258967641292,0,0,0,0,0,0,0,0,0
14757395258967641292,0,0,0,0,0,0,0,0,0
14757395258967641292,-2,0,-2,-5,-5,-3,-3,-2,-22
14757395258967641292,0,0,0,0,0,0,0,0,0
14757395258967641292,0,0,0,0,0,0,0,0,0
14757395258967641292,0,0,0,0,0,0,0,0,0
14757395258967641292,-3,2,0,0,0,-1,1,0,-1
14757395258967641292,0,0,0,0,0,0,0,0,0
14757395258967641292,0,0,0,0,0,0,0,0,0
14757395258967641292,-2,-1,-3,-5,-7,-5,-2,1,-24
14757395258967641292,0,-1,1,2,5,2,-1,-2,6
14757395258967641292,0,0,0,0,0,0,0,0,0
14757395258967641292,0,0,0,0,0,0,0,0,0
14757395258967641292,0,0,0,0,0,0,0,0,0
14757395258967641292,0,1,3,-1,-1,-2,-2,-1,-3
14757395258967641292,0,0,0,0,0,0,0,0,0
14757395258967641292,0,0,0,0,0,0,0,0,0
14757395258967641292,0,0,0,0,0,0,0,0,0
14757395258967641292,-4,-9,-4,2,-2,-1,-1,-3,-22
14757395258967641292,2,-1,-1,-3,-1,0,-1,0,-5
14757395258967641292,0,0,0,0,0,0,0,0,0
14757395258967641292,-1,2,1,-5,-2,-1,0,-2,-8
14757395258967641292,0,0,0,0,0,0,0,0,0
14757395258967641292,-3,-2,-2,0,-4,-4,-2,0,-17
14757395258967641292,0,0,0,0,0,0,0,0,0
14757395258967641292,0,0,0,0,0,0,0,0,0
14757395258967641292,-1,0,-1,-3,-2,1,-2,-1,-9
14757395258967641292,0,0,0,0,0,0,0,0,0
14757395258967641292,0,0,0,0,0,0,0,0,0
14757395258967641292,0,0,0,0,0,0,0,0,0
14757395258967641292,-1,-3,0,3,7,1,0,1,8
14757395258967641292,-1,-1,0,1,2,1,0,-3,-1
14757395258967641292,0,0,0,0,0,0,0,0,0
14757395258967641292,-1,-2,-2,-2,-4,-3,-1,-2,-17
14757395258967641292,0,0,0,0,0,0,0,0,0
14757395258967641292,-2,-4,-3,-1,-7,-1,-1,0,-19
14757395258967641292,0,0,0,0,0,0,0,0,0
14757395258967641292,0,0,0,0,0,0,0,0,0
14757395258967641292,2,3,3,2,8,2,0,-3,17
14757395258967641292,0,0,0,0,0,0,0,0,0
14757395258967641292,0,0,0,0,0,0,0,0,0
14757395258967641292,0,0,0,0,0,0,0,0,0
14757395258967641292,-1,0,-5,-3,-6,-3,-2,0,-20
14757395258967641292,-1,-2,-2,-1,-7,-4,-1,-1,-19
14757395258967641292,0,0,0,0,0,0,0,0,0
14757395258967641292,0,0,0,0,0,0,0,0,0
14757395258967641292,0,0,0,0,0,0,0,0,0
14757395258967641292,-1,-3,-1,5,-1,-2,1,0,-2
14757395258967641292,0,0,0,0,0,0,0,0,0
14757395258967641292,0,0,0,0,0,0,0,0,0
14757395258967641292,-2,-3,-4,-7,-5,-5,-1,-2,-29
14757395258967641292,0,0,0,0,0,0,0,0,0
14757395258967641292,0,0,0,0,0,0,0,0,0
14757395258967641292,0,0,0,0,0,0,0,0,0
14757395258967641292,0,-3,-1,4,-1,-2,1,-2,-4
14757395258967641292,-1,3,0,1,10,0,-3,1,11
14757395258967641292,0,0,0,0,0,0,0,0,0
14757395258967641292,0,-4,-4,0,-3,0,0,0,-11
14757395258967641292,0,0,0,0,0,0,0,0,0
14757395258967641292,1,1,-1,-1,-3,1,2,1,1
14757395258967641292,0,0,0,0,0,0,0,0,0
14757395258967641292,0,0,0,0,0,0,0,0,0
14757395258967641292,-2,-3,-4,-8,-5,-3,-2,-2,-29
14757395258967641292,0,0,0,0,0,0,0,0,0
14757395258967641292,0,0,0,0,0,0,0,0,0
14757395258967641292,0,0,0,0,0,0,0,0,0
14757395258967641292,1,1,-2,0,-1,0,0,-2,-3
14757395258967641292,2,1,2,0,2,0,1,0,8
14757395258967641292,0,0,0,0,0,0,0,0,0
14757395258967641292,-3,-3,-1,-4,-7,-4,-2,0,-24
14757395258967641292,0,0,0,0,0,0,0,0,0
14757395258967641292,2,0,-3,-3,-3,-1,-2,0,-10
14757395258967641292,0,0,0,0,0,0,0,0,0
14757395258967641292,0,0,0,0,0,0,0,0,0
14757395258967641292,-1,-4,-4,-2,-6,-1,0,-1,-19
14757395258967641292,0,0,0,0,0,0,0,0,0
14757395258967641292,0,0,0,0,0,0,0,0,0
14757395258967641292,0,0,0,0,0,0,0,0,0
14757395258967641292,1,3,-2,1,-4,0,-2,-2,-5
14757395258967641292,-1,-2,-4,-1,1,1,-2,0,-8
14757395258967641292,0,0,0,0,0,0,0,0,0
14757395258967641292,-3,-6,-4,-5,-3,-1,-1,-1,-24
14757395258967641292,0,0,0,0,0,0,0,0,0
14757395258967641292,-1,2,2,3,-2,2,1,-1,6
14757395258967641292,0,0,0,0,0,0,0,0,0
14757395258967641292,0,0,0,0,0,0,0,0,0
14757395258967641292,-3,0,2,2,-2,-2,-3,-1,-7
14757395258967641292,0,0,0,0,0,0,0,0,0
14757395258967641292,0,0,0,0,0,0,0,0,0
14757395258967641292,0,0,0,0,0,0,0,0,0
14757395258967641292,-1,-3,0,3,1,0,1,-2,-1
14757395258967641292,-2,-3,-4,-3,-3,-3,-3,-1,-22
14757395258967641292,0,0,0,0,0,0,0,0,0
14757395258967641292,0,0,0,0,0,0,0,0,0
14757395258967641292,0,0,0,0,0,0,0,0,0
14757395258967641292,-3,0,4,6,2,1,0,-1,9
14757395258967641292,0,0,0,0,0,0,0,0,0
14757395258967641292,0,0,0,0,0,0,0,0,0
14757395258967641292,-1,-5,-3,-3,-7,-2,-3,-5,-29
14757395258967641292,0,0,0,0,0,0,0,0,0
14757395258967641292,0,0,0,0,0,0,0,0,0
14757395258967641292,0,0,0,0,0,0,0,0,0
14757395258967641292,-3,-1,-3,-1,-1,-1,-3,-1,-14
14757395258967641292,-1,-3,0,-1,0,-1,-1,1,-6
14757395258967641292,0,0,0,0,0,0,0,0,0
14757395258967641292,0,0,0,0,0,0,0,0,0
14757395258967641292,0,0,0,0,0,0,0,0,0
14757395258967641292,-2,-4,-4,-4,-3,-4,-2,-3,-26
14757395258967641292,0,0,0,0,0,0,0,0,0
14757395258967641292,0,0,0,0,0,0,0,0,0
14757395258967641292,-1,0,-2,-4,1,-2,-2,-2,-12
14757395258967641292,0,0,0,0,0,0,0,0,0
14757395258967641292,0,0,0,0,0,0,0,0,0
14757395258967641292,0,0,0,0,0,0,0,0,0
14757395258967641292,2,1,2,5,2,2,0,0,14
14757395258967641292,0,-2,-4,-4,1,-1,0,1,-9
14757395258967641292,0,0,0,0,0,0,0,0,0
14757395258967641292,0,0,0,0,0,0,0,0,0
14757395258967641292,0,0,0,0,0,0,0,0,0
14757395258967641292,-3,-4,-1,2,6,1,-1,0,0
14757395258967641292,0,0,0,0,0,0,0,0,0
14757395258967641292,0,0,0,0,0,0,0,0,0
14757395258967641292,-2,-1,-1,0,-2,-1,0,-3,-10
14757395258967641292,0,0,0,0,0,0,0,0,0
14757395258967641292,0,0,0,0,0,0,0,0,0
14757395258967641292,0,0,0,0,0,0,0,0,0
14757395258967641292,2,1,0,4,0,3,-2,0,8
14757395258967641292,2,1,-3,-4,-7,1,0,0,-10
14757395258967641292,0,0,0,0,0,0,0,0,0
14757395258967641292,0,0,0,0,0,0,0,0,0
14757395258967641292,0,0,0,0,0,0,0,0,0
14757395258967641292,2,1,-2,-2,-5,-4,-2,0,-12
14757395258967641292,0,0,0,0,0,0,0,0,0
14757395258967641292,0,0,0,0,0,0,0,0,0
14757395258967641292,-1,3,1,4,2,1,-2,3,11
14757395258967641292,0,0,0,0,0,0,0,0,0
14757395258967641292,0,0,0,0,0,0,0,0,0
14757395258967641292,0,0,0,0,0,0,0,0,0
14757395258967641292,1,1,2,3,4,0,-2,-3,6
14757395258967641292,0,0,0,0,0,0,0,0,0
14757395258967641292,0,0,0,0,0,0,0,0,0
14757395258967641292,0,0,0,0,0,0,0,0,0
14757395258967641292,0,0,0,0,0,0,0,0,0
14757395258967641292,-2,0,2,-2,-2,0,-1,-2,-7
14757395258967641292,0,0,0,0,0,0,0,0,0
14757395258967641292,0,0,0,0,0,0,0,0,0
14757395258967641292,-1,-2,-2,-1,-12,-4,-1,1,-22
14757395258967641292,0,0,0,0,0,0,0,0,0
14757395258967641292,0,0,0,0,0,0,0,0,0
14757395258967641292,0,0,0,0,0,0,0,0,0
14757395258967641292,0,0,0,0,0,0,0,0,0
14757395258967641292,-1,-2,1,-3,-2,-2,-1,-1,-11
14757395258967641292,0,0,0,0,0,0,0,0,0
14757395258967641292,0,0,0,0,0,0,0,0,0
14757395258967641292,0,0,0,0,0,0,0,0,0
14757395258967641292,-2,-3,-3,-4,1,-1,-1,1,-12
14757395258967641292,0,0,0,0,0,0,0,0,0
14757395258967641292,0,0,0,0,0,0,0,0,0
14757395258967641292,-2,-3,-2,-3,1,-2,-1,-1,-13
14757395258967641292,0,0,0,0,0,0,0,0,0
14757395258967641292,0,0,0,0,0,0,0,0,0
