14757395258967641292,0,0,0,0,0,0,0,0,0
14757395258967641292,0,0,0,0,0,0,0,0,0
14757395258967641292,0,0,0,0,0,0,0,0,0
14757395258967641292,-1,0,-3,0,-1,-1,-2,-2,-10
14757395258967641292,0,0,0,0,0,0,0,0,0
14757395258967641292,0,0,0,0,0,0,0,0,0
14757395258967641292,0,-1,-3,-2,-3,-2,-3,-2,-16
14757395258967641292,0,-3,-4,-4,0,0,2,1,-8
14757395258967641292,0,0,0,0,0,0,0,0,0
14757395258967641292,0,0,0,0,0,0,0,0,0
14757395258967641292,-2,0,-2,2,0,0,-1,-2,-5
14757395258967641292,-1,-3,0,-5,1,3,0,-2,-7
14757395258967641292,0,0,0,0,0,0,0,0,0
14757395258967641292,0,0,0,0,0,0,0,0,0
14757395258967641292,0,0,0,0,0,0,0,0,0
14757395258967641292,-3,0,-5,0,-1,0,-1,1,-9
14757395258967641292,0,0,0,0,0,0,0,0,0
14757395258967641292,0,0,0,0,0,0,0,0,0
14757395258967641292,-1,-1,-3,0,-4,-3,-3,-2,-17
14757395258967641292,2,-1,-1,0,-1,-2,0,1,-2
14757395258967641292,0,0,0,0,0,0,0,0,0
14757395258967641292,0,0,0,0,0,0,0,0,0
14757395258967641292,-2,-2,2,0,-1,1,0,-1,-3
14757395258967641292,-1,0,-1,-4,0,-1,-3,-3,-13
14757395258967641292,0,0,0,0,0,0,0,0,0
14757395258967641292,0,0,0,0,0,0,0,0,0
14757395258967641292,0,0,0,0,0,0,0,0,0
14757395258967641292,0,-1,0,1,0,-2,-1,0,-3
14757395258967641292,0,0,0,0,0,0,0,0,0
14757395258967641292,0,0,0,0,0,0,0,0,0
14757395258967641292,-1,-3,2,-5,-4,-2,-1,-2,-16
14757395258967641292,-3,0,-8,0,0,-1,-2,-3,-17
14757395258967641292,0,0,0,0,0,0,0,0,0
14757395258967641292,0,0,0,0,0,0,0,0,0
14757395258967641292,-1,-2,-1,1,3,1,1,-1,1
14757395258967641292,-3,-1,-2,1,1,-2,-1,-1,-8
14757395258967641292,0,0,0,0,0,0,0,0,0
14757395258967641292,0,0,0,0,0,0,0,0,0
14757395258967641292,0,0,0,0,0,0,0,0,0
14757395258967641292,-2,-1,-3,0,-1,-1,1,-1,-8
14757395258967641292,0,0,0,0,0,0,0,0,0
14757395258967641292,0,0,0,0,0,0,0,0,0
14757395258967641292,0,0,0,0,0,0,0,0,0
14757395258967641292,0,0,0,0,0,0,0,0,0
14757395258967641292,1,-1,5,-2,0,-2,-4,-1,-4
14757395258967641292,0,0,0,0,0,0,0,0,0
14757395258967641292,-1,-2,1,0,0,-2,-3,-3,-10
14757395258967641292,-1,-1,-5,-7,-7,-4,-4,-2,-31
14757395258967641292,0,0,0,0,0,0,0,0,0
14757395258967641292,0,0,0,0,0,0,0,0,0
14757395258967641292,0,0,0,0,0,0,0,0,0
14757395258967641292,-2,-2,1,2,-3,-1,1,-3,-7
14757395258967641292,0,0,0,0,0,0,0,0,0
14757395258967641292,0,0,0,0,0,0,0,0,0
14757395258967641292,0,0,0,0,0,0,0,0,0
14757395258967641292,0,0,0,0,0,0,0,0,0
14757395258967641292,0,-1,0,-1,-1,1,0,0,-2
14757395258967641292,0,0,0,0,0,0,0,0,0
14757395258967641292,0,0,1,-1,1,0,1,-1,1
14757395258967641292,-3,-2,-1,-3,-3,-3,-2,-3,-20
14757395258967641292,0,0,0,0,0,0,0,0,0
14757395258967641292,0,0,0,0,0,0,0,0,0
14757395258967641292,0,0,0,0,0,0,0,0,0
14757395258967641292,1,0,-2,1,0,-1,-1,0,-2
14757395258967641292,0,0,0,0,0,0,0,0,0
14757395258967641292,0,0,0,0,0,0,0,0,0
14757395258967641292,0,0,0,0,0,0,0,0,0
14757395258967641292,0,0,0,0,0,0,0,0,0
14757395258967641292,1,-2,2,0,-2,-2,-1,-1,-5
14757395258967641292,0,0,0,0,0,0,0,0,0
14757395258967641292,-3,-3,-4,-2,1,-3,-3,-1,-18
14757395258967641292,1,0,-9,-2,0,0,-1,0,-11
14757395258967641292,0,0,0,0,0,0,0,0,0
14757395258967641292,0,0,0,0,0,0,0,0,0
14757395258967641292,0,0,0,0,0,0,0,0,0
14757395258967641292,0,1,0,0,0,-1,-1,-1,-2
14757395258967641292,0,0,0,0,0,0,0,0,0
14757395258967641292,0,0,0,0,0,0,0,0,0
14757395258967641292,0,0,0,0,0,0,0,0,0
14757395258967641292,0,0,0,0,0,0,0,0,0
14757395258967641292,-1,-1,0,0,-1,-2,2,-2,-5
14757395258967641292,0,0,0,0,0,0,0,0,0
14757395258967641292,2,1,2,2,0,-1,-4,-1,1
14757395258967641292,-1,-2,-2,-2,0,-1,-1,-1,-10
14757395258967641292,0,0,0,0,0,0,0,0,0
14757395258967641292,0,0,0,0,0,0,0,0,0
14757395258967641292,0,0,0,0,0,0,0,0,0
14757395258967641292,-2,-2,-10,-7,-3,-1,0,-1,-26
14757395258967641292,0,0,0,0,0,0,0,0,0
14757395258967641292,0,0,0,0,0,0,0,0,0
14757395258967641292,0,0,0,0,0,0,0,0,0
14757395258967641292,-2,-2,4,7,-3,-2,1,0,3
14757395258967641292,-2,-2,1,1,1,-1,0,0,-2
14757395258967641292,0,0,0,0,0,0,0,0,0
14757395258967641292,-1,-2,-4,-6,-5,-1,-2,-3,-24
14757395258967641292,-2,1,4,0,-1,0,-1,-1,0
14757395258967641292,0,0,0,0,0,0,0,0,0
14757395258967641292,0,0,0,0,0,0,0,0,0
14757395258967641292,0,0,0,0,0,0,0,0,0
14757395258967641292,-1,-2,-2,-3,0,2,1,-1,-6
14757395258967641292,0,0,0,0,0,0,0,0,0
14757395258967641292,0,0,0,0,0,0,0,0,0
14757395258967641292,0,0,0,0,0,0,0,0,0
14757395258967641292,1,-1,-2,0,3,2,2,1,6
14757395258967641292,0,0,1,1,-2,-4,-2,-1,-7
14757395258967641292,0,0,0,0,0,0,0,0,0
14757395258967641292,-2,-2,3,3,1,1,-2,0,2
14757395258967641292,0,0,0,0,0,0,0,0,0
14757395258967641292,0,0,0,0,0,0,0,0,0
14757395258967641292,0,0,0,0,0,0,0,0,0
14757395258967641292,0,0,0,0,0,0,0,0,0
14757395258967641292,-3,-3,-5,-9,-9,-7,-5,-2,-43
14757395258967641292,0,0,0,0,0,0,0,0,0
14757395258967641292,0,0,0,0,0,0,0,0,0
14757395258967641292,0,0,0,0,0,0,0,0,0
14757395258967641292,-1,1,4,2,1,3,1,2,13
14757395258967641292,0,1,-1,6,2,-1,0,-2,5
14757395258967641292,0,0,0,0,0,0,0,0,0
14757395258967641292,0,0,0,0,0,0,0,0,0
14757395258967641292,-3,0,4,-1,-2,-1,0,-1,-4
14757395258967641292,0,0,0,0,0,0,0,0,0
14757395258967641292,0,0,0,0,0,0,0,0,0
14757395258967641292,0,0,0,0,0,0,0,0,0
14757395258967641292,1,-1,-2,0,1,2,-1,0,0
14757395258967641292,0,0,0,0,0,0,0,0,0
14757395258967641292,0,0,0,0,0,0,0,0,0
14757395258967641292,0,0,0,0,0,0,0,0,0
14757395258967641292,0,0,0,0,0,0,0,0,0
14757395258967641292,-1,-4,-12,-6,-4,-4,0,1,-30
14757395258967641292,0,0,0,0,0,0,0,0,0
14757395258967641292,0,0,0,0,0,0,0,0,0
14757395258967641292,0,3,16,1,-5,-1,1,2,17
14757395258967641292,0,0,0,0,0,0,0,0,0
14757395258967641292,0,0,0,0,0,0,0,0,0
14757395258967641292,0,0,0,0,0,0,0,0,0
14757395258967641292,7,14,16,8,-1,-1,1,5,49
14757395258967641292,0,0,0,0,0,0,0,0,0
14757395258967641292,0,0,0,0,0,0,0,0,0
14757395258967641292,0,0,0,0,0,0,0,0,0
14757395258967641292,0,0,0,0,0,0,0,0,0
14757395258967641292,-6,-2,30,2,1,0,-11,-15,-1
14757395258967641292,0,0,0,0,0,0,0,0,0
14757395258967641292,-15,-5,-5,-2,-1,1,8,-6,-25
14757395258967641292,-20,5,-22,-3,3,2,-3,-30,-68
14757395258967641292,0,0,0,0,0,0,0,0,0
14757395258967641292,0,0,0,0,0,0,0,0,0
14757395258967641292,0,0,0,0,0,0,0,0,0
14757395258967641292,7,3,36,14,11,8,11,32,122
14757395258967641292,0,0,0,0,0,0,0,0,0
14757395258967641292,0,0,0,0,0,0,0,0,0
14757395258967641292,0,0,0,0,0,0,0,0,0
14757395258967641292,0,0,0,0,0,0,0,0,0
14757395258967641292,37,-2,-49,-2,-2,6,45,46,79
14757395258967641292,0,0,0,0,0,0,0,0,0
14757395258967641292,-38,-11,13,3,0,-5,-26,-38,-102
14757395258967641292,18,-16,-25,-5,1,10,38,49,70
14757395258967641292,0,0,0,0,0,0,0,0,0
14757395258967641292,0,0,0,0,0,0,0,0,0
14757395258967641292,0,0,0,0,0,0,0,0,0
14757395258967641292,-2,26,38,6,7,-2,-26,-20,27
14757395258967641292,0,0,0,0,0,0,0,0,0
14757395258967641292,0,0,0,0,0,0,0,0,0
14757395258967641292,0,0,0,0,0,0,0,0,0
14757395258967641292,0,13,29,7,5,7,24,15,100
14757395258967641292,-25,-11,14,-3,-11,-8,-34,-43,-121
14757395258967641292,0,0,0,0,0,0,0,0,0
14757395258967641292,-19,-10,34,11,2,-1,-3,-9,5
14757395258967641292,0,0,0,0,0,0,0,0,0
14757395258967641292,-11,-6,-13,-7,0,-8,-28,-31,-104
14757395258967641292,0,0,0,0,0,0,0,0,0
14757395258967641292,0,0,0,0,0,0,0,0,0
14757395258967641292,-22,-7,-10,-5,-4,-6,-2,-27,-83
14757395258967641292,0,0,0,0,0,0,0,0,0
14757395258967641292,0,0,0,0,0,0,0,0,0
14757395258967641292,0,0,0,0,0,0,0,0,0
14757395258967641292,38,1,-23,-14,-9,1,32,78,104
14757395258967641292,4,-18,30,21,8,8,-9,3,47
14757395258967641292,0,0,0,0,0,0,0,0,0
14757395258967641292,17,11,-20,-4,1,-2,-17,3,-11
14757395258967641292,0,0,0,0,0,0,0,0,0
14757395258967641292,23,24,47,7,-1,1,17,14,132
14757395258967641292,0,0,0,0,0,0,0,0,0
14757395258967641292,0,0,0,0,0,0,0,0,0
14757395258967641292,-12,7,3,8,5,-3,-8,-32,-32
14757395258967641292,0,0,0,0,0,0,0,0,0
14757395258967641292,0,0,0,0,0,0,0,0,0
14757395258967641292,0,0,0,0,0,0,0,0,0
14757395258967641292,0,0,0,0,0,0,0,0,0
14757395258967641292,-16,-15,-8,-6,-6,-7,2,-16,-72
14757395258967641292,0,0,0,0,0,0,0,0,0
14757395258967641292,-14,-5,3,8,3,2,3,-9,-9
14757395258967641292,0,0,0,0,0,0,0,0,0
14757395258967641292,-8,-1,-13,-9,-8,-5,-5,3,-46
14757395258967641292,0,0,0,0,0,0,0,0,0
14757395258967641292,0,0,0,0,0,0,0,0,0
14757395258967641292,-7,-29,-82,-30,-11,-9,-11,-9,-188
14757395258967641292,0,0,0,0,0,0,0,0,0
14757395258967641292,0,0,0,0,0,0,0,0,0
14757395258967641292,0,0,0,0,0,0,0,0,0
14757395258967641292,0,0,0,0,0,0,0,0,0
14757395258967641292,13,-5,-2,5,-1,-1,6,29,44
14757395258967641292,0,0,0,0,0,0,0,0,0
14757395258967641292,0,0,0,0,0,0,0,0,0
14757395258967641292,0,0,0,0,0,0,0,0,0
14757395258967641292,1,12,10,-11,-6,-7,-8,-6,-15
14757395258967641292,0,0,0,0,0,0,0,0,0
14757395258967641292,0,0,0,0,0,0,0,0,0
14757395258967641292,-14,4,7,6,4,-2,-2,-17,-14
14757395258967641292,0,0,0,0,0,0,0,0,0
14757395258967641292,0,0,0,0,0,0,0,0,0
14757395258967641292,0,0,0,0,0,0,0,0,0
14757395258967641292,10,4,17,2,-3,-7,-21,-3,-1
14757395258967641292,16,-2,-16,-12,-11,-3,11,23,6
14757395258967641292,0,0,0,0,0,0,0,0,0
14757395258967641292,-4,-19,-65,-15,0,-4,-2,-4,-113
14757395258967641292,0,0,0,0,0,0,0,0,0
14757395258967641292,24,7,16,6,7,9,23,44,136
14757395258967641292,0,0,0,0,0,0,0,0,0
14757395258967641292,0,0,0,0,0,0,0,0,0
14757395258967641292,-11,-2,-11,-7,-2,4,0,-6,-35
14757395258967641292,0,0,0,0,0,0,0,0,0
14757395258967641292,0,0,0,0,0,0,0,0,0
14757395258967641292,0,0,0,0,0,0,0,0,0
14757395258967641292,4,10,13,3,-4,-1,2,0,27
14757395258967641292,1,4,10,3,-2,-2,1,-4,11
14757395258967641292,0,0,0,0,0,0,0,0,0
14757395258967641292,-8,3,30,7,6,2,-1,-7,32
14757395258967641292,0,0,0,0,0,0,0,0,0
14757395258967641292,9,-6,-6,4,6,0,-3,16,20
14757395258967641292,0,0,0,0,0,0,0,0,0
14757395258967641292,0,0,0,0,0,0,0,0,0
14757395258967641292,0,0,0,0,0,0,0,0,0
14757395258967641292,0,0,0,0,0,0,0,0,0
14757395258967641292,-9,-6,-13,-7,-4,-2,-5,2,-44
14757395258967641292,0,0,0,0,0,0,0,0,0
14757395258967641292,6,9,22,7,4,1,20,19,88
14757395258967641292,-4,4,-7,-2,0,3,-12,-11,-29
14757395258967641292,0,0,0,0,0,0,0,0,0
14757395258967641292,0,0,0,0,0,0,0,0,0
14757395258967641292,0,0,0,0,0,0,0,0,0
14757395258967641292,-12,-10,1,2,0,-3,-3,-15,-40
14757395258967641292,0,0,0,0,0,0,0,0,0
14757395258967641292,0,0,0,0,0,0,0,0,0
14757395258967641292,-2,-14,-8,-8,-9,-6,-10,-5,-62
14757395258967641292,0,0,0,0,0,0,0,0,0
14757395258967641292,0,0,0,0,0,0,0,0,0
14757395258967641292,0,0,0,0,0,0,0,0,0
14757395258967641292,-4,-1,-3,-2,-3,-3,-16,-17,-49
14757395258967641292,-6,-1,0,-5,-2,-4,-14,-22,-54
14757395258967641292,0,0,0,0,0,0,0,0,0
14757395258967641292,0,0,0,0,0,0,0,0,0
14757395258967641292,0,0,0,0,0,0,0,0,0
14757395258967641292,3,3,-10,-5,-5,-4,-13,3,-28
14757395258967641292,0,0,0,0,0,0,0,0,0
14757395258967641292,0,0,0,0,0,0,0,0,0
14757395258967641292,-2,-5,5,10,7,7,11,6,39
14757395258967641292,0,0,0,0,0,0,0,0,0
14757395258967641292,0,0,0,0,0,0,0,0,0
14757395258967641292,0,0,0,0,0,0,0,0,0
14757395258967641292,-1,-4,-10,-5,-5,-3,-3,-2,-33
14757395258967641292,-3,1,0,-3,-3,-5,-2,-3,-18
14757395258967641292,0,0,0,0,0,0,0,0,0
14757395258967641292,0,0,0,0,0,0,0,0,0
14757395258967641292,0,0,0,0,0,0,0,0,0
14757395258967641292,-1,2,-22,-25,-4,1,3,1,-45
14757395258967641292,0,0,0,0,0,0,0,0,0
14757395258967641292,0,0,0,0,0,0,0,0,0
14757395258967641292,0,4,60,38,3,2,5,-3,109
14757395258967641292,0,0,0,0,0,0,0,0,0
14757395258967641292,0,0,0,0,0,0,0,0,0
14757395258967641292,0,0,0,0,0,0,0,0,0
14757395258967641292,-5,-12,-43,-31,-13,-10,-6,-6,-126
14757395258967641292,9,19,80,92,32,15,9,7,263
14757395258967641292,0,0,0,0,0,0,0,0,0
14757395258967641292,0,0,0,0,0,0,0,0,0
14757395258967641292,0,0,0,0,0,0,0,0,0
14757395258967641292,-1,-1,-37,-19,-13,-3,2,3,-69
14757395258967641292,0,0,0,0,0,0,0,0,0
14757395258967641292,0,0,0,0,0,0,0,0,0
14757395258967641292,3,7,11,14,5,2,7,12,61
14757395258967641292,0,0,0,0,0,0,0,0,0
14757395258967641292,0,0,0,0,0,0,0,0,0
14757395258967641292,0,0,0,0,0,0,0,0,0
14757395258967641292,0,0,4,-13,3,1,4,3,2
14757395258967641292,-7,-12,-24,-35,-10,-7,-4,-4,-103
14757395258967641292,0,0,0,0,0,0,0,0,0
14757395258967641292,0,0,0,0,0,0,0,0,0
14757395258967641292,0,0,0,0,0,0,0,0,0
14757395258967641292,-1,-8,-40,-33,-7,-4,-6,-7,-106
14757395258967641292,0,0,0,0,0,0,0,0,0
14757395258967641292,0,0,0,0,0,0,0,0,0
14757395258967641292,-4,-7,-27,-21,-6,-1,-3,-2,-71
14757395258967641292,0,0,0,0,0,0,0,0,0
14757395258967641292,0,0,0,0,0,0,0,0,0
14757395258967641292,0,0,0,0,0,0,0,0,0
14757395258967641292,1,2,-17,-7,7,3,0,1,-10
14757395258967641292,-6,-5,1,-8,-8,-5,1,-6,-36
14757395258967641292,0,0,0,0,0,0,0,0,0
14757395258967641292,0,0,0,0,0,0,0,0,0
14757395258967641292,0,0,0,0,0,0,0,0,0
14757395258967641292,1,2,7,6,2,0,0,-1,17
14757395258967641292,0,0,0,0,0,0,0,0,0
14757395258967641292,0,0,0,0,0,0,0,0,0
14757395258967641292,-1,0,-7,-5,-1,-3,-3,-3,-23
14757395258967641292,0,0,0,0,0,0,0,0,0
14757395258967641292,0,0,0,0,0,0,0,0,0
14757395258967641292,0,0,0,0,0,0,0,0,0
14757395258967641292,1,1,13,5,-1,3,4,1,27
14757395258967641292,-4,-6,-9,-22,-4,-2,-5,-3,-55
14757395258967641292,0,0,0,0,0,0,0,0,0
14757395258967641292,0,0,0,0,0,0,0,0,0
14757395258967641292,0,0,0,0,0,0,0,0,0
14757395258967641292,-2,-2,-5,-5,-6,-3,-1,-3,-27
14757395258967641292,0,0,0,0,0,0,0,0,0
14757395258967641292,0,0,0,0,0,0,0,0,0
14757395258967641292,0,2,-7,-1,2,2,-1,0,-3
14757395258967641292,0,0,0,0,0,0,0,0,0
14757395258967641292,0,0,0,0,0,0,0,0,0
14757395258967641292,0,0,0,0,0,0,0,0,0
14757395258967641292,0,0,-12,-5,3,1,-3,1,-15
14757395258967641292,0,-2,-2,-2,0,1,0,-2,-7
14757395258967641292,0,0,0,0,0,0,0,0,0
14757395258967641292,0,0,0,0,0,0,0,0,0
14757395258967641292,0,0,0,0,0,0,0,0,0
14757395258967641292,-1,-2,2,4,-5,-6,-8,-4,-20
14757395258967641292,0,0,0,0,0,0,0,0,0
14757395258967641292,0,0,0,0,0,0,0,0,0
14757395258967641292,0,1,-6,-2,1,0,1,1,-4
14757395258967641292,0,0,0,0,0,0,0,0,0
14757395258967641292,0,0,0,0,0,0,0,0,0
14757395258967641292,0,0,0,0,0,0,0,0,0
14757395258967641292,-3,-2,2,-1,-5,-4,-4,-1,-18
14757395258967641292,2,-5,-4,-7,-3,-1,0,-1,-19
14757395258967641292,0,0,0,0,0,0,0,0,0
14757395258967641292,0,0,0,0,0,0,0,0,0
14757395258967641292,0,0,0,0,0,0,0,0,0
14757395258967641292,0,0,3,-1,-3,-1,-2,0,-4
14757395258967641292,0,0,0,0,0,0,0,0,0
14757395258967641292,0,0,0,0,0,0,0,0,0
14757395258967641292,-5,-1,-2,-1,1,-2,0,-3,-13
14757395258967641292,0,0,0,0,0,0,0,0,0
14757395258967641292,0,0,0,0,0,0,0,0,0
14757395258967641292,0,0,0,0,0,0,0,0,0
14757395258967641292,1,0,-2,-1,0,1,1,1,1
14757395258967641292,0,-1,-1,6,3,3,1,0,11
14757395258967641292,0,0,0,0,0,0,0,0,0
14757395258967641292,0,0,0,0,0,0,0,0,0
14757395258967641292,0,0,0,0,0,0,0,0,0
14757395258967641292,0,0,0,0,0,0,0,0,0
14757395258967641292,0,0,0,0,0,0,0,0,0
14757395258967641292,-1,0,0,0,-3,-6,-4,-3,-17
14757395258967641292,-1,-1,-1,-2,-1,-2,-2,0,-10
14757395258967641292,0,0,0,0,0,0,0,0,0
14757395258967641292,0,0,0,0,0,0,0,0,0
14757395258967641292,0,0,0,0,0,0,0,0,0
14757395258967641292,-3,-2,-1,-3,1,-3,-1,1,-11
14757395258967641292,-2,-2,2,0,-3,-1,-2,0,-8
14757395258967641292,0,0,0,0,0,0,0,0,0
14757395258967641292,0,0,0,0,0,0,0,0,0
14757395258967641292,0,0,0,0,0,0,0,0,0
14757395258967641292,0,-1,-3,1,1,1,1,0,0
14757395258967641292,0,0,0,0,0,0,0,0,0
14757395258967641292,0,0,0,0,0,0,0,0,0
14757395258967641292,-2,-1,-1,-2,-4,-2,0,-1,-13
14757395258967641292,-1,-2,-2,-2,-1,0,-1,-3,-12
14757395258967641292,0,0,0,0,0,0,0,0,0
14757395258967641292,0,0,0,0,0,0,0,0,0
14757395258967641292,1,0,2,2,4,1,1,0,11
14757395258967641292,-1,-1,-1,-4,-5,-5,-3,-2,-22
14757395258967641292,0,0,0,0,0,0,0,0,0
14757395258967641292,0,0,0,0,0,0,0,0,0
14757395258967641292,0,0,0,0,0,0,0,0,0
14757395258967641292,-2,0,-2,-4,-2,-5,-3,-1,-19
14757395258967641292,0,0,0,0,0,0,0,0,0
14757395258967641292,0,0,0,0,0,0,0,0,0
14757395258967641292,-1,-3,0,-1,-1,-3,-3,-2,-14
14757395258967641292,1,-2,-8,-5,-2,0,-2,-4,-22
14757395258967641292,0,0,0,0,0,0,0,0,0
14757395258967641292,0,0,0,0,0,0,0,0,0
14757395258967641292,0,0,0,0,0,0,0,0,0
14757395258967641292,1,0,3,0,2,1,-3,1,5
14757395258967641292,0,0,0,0,0,0,0,0,0
14757395258967641292,0,0,0,0,0,0,0,0,0
14757395258967641292,0,0,0,0,0,0,0,0,0
14757395258967641292,-1,1,4,-1,0,0,0,2,5
14757395258967641292,0,0,0,0,0,0,0,0,0
14757395258967641292,0,0,0,0,0,0,0,0,0
14757395258967641292,-2,1,-2,-1,0,-1,0,-1,-6
14757395258967641292,0,0,0,0,0,0,0,0,0
14757395258967641292,-1,1,-3,-1,-2,-1,2,0,-5
14757395258967641292,0,0,0,0,0,0,0,0,0
14757395258967641292,0,0,0,0,0,0,0,0,0
14757395258967641292,-1,-2,0,0,-2,0,0,-1,-6
14757395258967641292,0,0,0,0,0,0,0,0,0
14757395258967641292,0,0,0,0,0,0,0,0,0
14757395258967641292,0,0,0,0,0,0,0,0,0
14757395258967641292,0,-1,-1,0,1,-1,2,1,1
14757395258967641292,0,0,0,0,0,0,0,0,0
14757395258967641292,0,0,0,0,0,0,0,0,0
14757395258967641292,-2,-1,-4,-3,-4,-4,-5,-2,-25
14757395258967641292,0,0,0,0,0,0,0,0,0
14757395258967641292,-1,-1,0,-2,-2,0,0,0,-6
14757395258967641292,0,0,0,0,0,0,0,0,0
14757395258967641292,-1,-2,-2,1,1,0,0,2,-1
14757395258967641292,-1,-3,0,-2,-3,-3,-3,-3,-18
14757395258967641292,0,0,0,0,0,0,0,0,0
14757395258967641292,0,0,0,0,0,0,0,0,0
14757395258967641292,0,0,0,0,0,0,0,0,0
14757395258967641292,-1,-2,-1,0,0,0,-2,-2,-8
14757395258967641292,0,0,0,0,0,0,0,0,0
14757395258967641292,0,0,0,0,0,0,0,0,0
14757395258967641292,-2,-2,-1,2,-1,-1,-2,-2,-9
14757395258967641292,-1,-1,-1,4,1,2,1,1,6
14757395258967641292,0,0,0,0,0,0,0,0,0
14757395258967641292,0,0,0,0,0,0,0,0,0
14757395258967641292,-3,-3,-4,-6,-3,-4,-1,1,-23
14757395258967641292,-1,2,-1,-3,2,4,1,-2,2
14757395258967641292,0,0,0,0,0,0,0,0,0
14757395258967641292,0,0,0,0,0,0,0,0,0
14757395258967641292,0,0,0,0,0,0,0,0,0
14757395258967641292,-2,0,-1,1,-1,-2,0,0,-5
14757395258967641292,0,0,0,0,0,0,0,0,0
14757395258967641292,0,0,0,0,0,0,0,0,0
14757395258967641292,0,0,0,0,0,0,0,0,0
14757395258967641292,0,0,0,0,0,0,0,0,0
14757395258967641292,-1,0,-1,-1,-3,0,-1,0,-7
14757395258967641292,0,0,0,0,0,0,0,0,0
14757395258967641292,0,1,0,1,3,3,1,2,11
14757395258967641292,-2,-2,-6,-6,-3,-5,-2,0,-26
14757395258967641292,0,0,0,0,0,0,0,0,0
14757395258967641292,0,0,0,0,0,0,0,0,0
14757395258967641292,0,0,0,0,0,0,0,0,0
14757395258967641292,-2,-1,-1,-3,-3,-2,-1,-1,-14
14757395258967641292,0,0,0,0,0,0,0,0,0
14757395258967641292,0,0,0,0,0,0,0,0,0
14757395258967641292,0,0,0,0,0,0,0,0,0
14757395258967641292,0,0,0,0,0,0,0,0,0
14757395258967641292,-1,-1,0,1,-2,-2,-4,-1,-10
14757395258967641292,0,0,0,0,0,0,0,0,0
14757395258967641292,-1,-2,-2,-1,-2,0,0,0,-8
14757395258967641292,0,-2,0,0,2,2,1,0,3
14757395258967641292,0,0,0,0,0,0,0,0,0
14757395258967641292,0,0,0,0,0,0,0,0,0
14757395258967641292,0,0,0,0,0,0,0,0,0
14757395258967641292,1,2,2,2,4,5,2,1,19
14757395258967641292,0,0,0,0,0,0,0,0,0
14757395258967641292,0,0,0,0,0,0,0,0,0
14757395258967641292,0,0,0,0,0,0,0,0,0
14757395258967641292,0,0,-1,-1,0,-1,-2,-3,-8
14757395258967641292,0,-1,-2,0,-1,-3,1,0,-6
14757395258967641292,0,0,0,0,0,0,0,0,0
14757395258967641292,-1,-2,0,-1,-1,-1,-1,0,-7
14757395258967641292,-2,-1,0,1,0,-1,-3,-2,-8
14757395258967641292,0,0,0,0,0,0,0,0,0
14757395258967641292,0,0,0,0,0,0,0,0,0
14757395258967641292,0,0,0,0,0,0,0,0,0
14757395258967641292,-1,-3,-1,-1,0,-2,-1,-1,-10
14757395258967641292,0,0,0,0,0,0,0,0,0
14757395258967641292,0,0,0,0,0,0,0,0,0
14757395258967641292,0,0,0,0,0,0,0,0,0
14757395258967641292,0,0,0,0,0,0,0,0,0
14757395258967641292,-1,-1,0,-1,1,1,-2,0,-3
14757395258967641292,0,0,0,0,0,0,0,0,0
14757395258967641292,0,0,0,0,0,0,0,0,0
14757395258967641292,-2,-2,-4,-3,-2,-4,-3,-2,-22
14757395258967641292,0,0,0,0,0,0,0,0,0
14757395258967641292,0,0,0,0,0,0,0,0,0
14757395258967641292,0,0,0,0,0,0,0,0,0
14757395258967641292,0,0,1,-2,-2,0,1,0,-2
14757395258967641292,0,0,0,0,0,0,0,0,0
14757395258967641292,0,0,0,0,0,0,0,0,0
14757395258967641292,0,0,0,0,0,0,0,0,0
14757395258967641292,0,0,0,0,0,0,0,0,0
14757395258967641292,3,1,-3,0,-1,-1,-1,-2,-4
14757395258967641292,0,0,0,0,0,0,0,0,0
14757395258967641292,0,0,0,0,0,0,0,0,0
14757395258967641292,-1,-1,-1,6,6,4,3,1,17
14757395258967641292,0,0,0,0,0,0,0,0,0
14757395258967641292,0,0,0,0,0,0,0,0,0
14757395258967641292,0,0,0,0,0,0,0,0,0
14757395258967641292,0,-1,0,-4,-3,1,-3,0,-10
14757395258967641292,0,0,0,0,0,0,0,0,0
14757395258967641292,0,0,0,0,0,0,0,0,0
14757395258967641292,0,0,0,0,0,0,0,0,0
14757395258967641292,0,0,0,0,0,0,0,0,0
14757395258967641292,-3,0,-1,-2,-2,-3,-2,-1,-14
14757395258967641292,0,0,0,0,0,0,0,0,0
14757395258967641292,-1,-1,-3,-2,-2,-4,-3,-2,-18
14757395258967641292,1,1,-1,1,0,0,-1,0,1
14757395258967641292,0,0,0,0,0,0,0,0,0
14757395258967641292,0,0,0,0,0,0,0,0,0
14757395258967641292,0,0,0,0,0,0,0,0,0
14757395258967641292,-2,-3,0,1,1,0,2,0,-1
14757395258967641292,0,0,0,0,0,0,0,0,0
14757395258967641292,0,0,0,0,0,0,0,0,0
14757395258967641292,0,0,0,0,0,0,0,0,0
14757395258967641292,0,0,0,0,0,0,0,0,0
14757395258967641292,-1,-2,-1,-5,-3,-2,-1,-2,-17
14757395258967641292,0,0,0,0,0,0,0,0,0
14757395258967641292,-1,1,-1,-2,0,1,-1,2,-1
14757395258967641292,-1,-2,-3,-1,-4,-4,-1,-2,-18
14757395258967641292,0,0,0,0,0,0,0,0,0
14757395258967641292,0,0,0,0,0,0,0,0,0
14757395258967641292,0,0,0,0,0,0,0,0,0
14757395258967641292,-3,-2,-1,-2,0,-2,-1,-2,-13
14757395258967641292,0,0,0,0,0,0,0,0,0
14757395258967641292,0,0,0,0,0,0,0,0,0
14757395258967641292,0,0,0,0,0,0,0,0,0
14757395258967641292,0,0,0,0,0,0,0,0,0
14757395258967641292,-1,1,0,-2,-4,-2,-2,-1,-11
14757395258967641292,0,0,0,0,0,0,0,0,0
14757395258967641292,-1,-2,-1,1,0,4,4,-2,3
14757395258967641292,0,-1,-2,-1,-1,-1,0,-2,-8
14757395258967641292,0,0,0,0,0,0,0,0,0
14757395258967641292,0,0,0,0,0,0,0,0,0
14757395258967641292,0,0,0,0,0,0,0,0,0
14757395258967641292,-4,-2,-2,-4,-4,-8,-7,-1,-32
14757395258967641292,0,0,0,0,0,0,0,0,0
14757395258967641292,0,0,0,0,0,0,0,0,0
14757395258967641292,0,0,0,0,0,0,0,0,0
14757395258967641292,0,0,0,0,0,0,0,0,0
14757395258967641292,1,0,1,-1,5,1,-1,-1,5
14757395258967641292,0,0,0,0,0,0,0,0,0
14757395258967641292,-1,-1,0,-2,-2,-2,-1,-2,-11
14757395258967641292,0,-3,-2,-2,-8,-2,-2,-2,-21
14757395258967641292,0,0,0,0,0,0,0,0,0
14757395258967641292,0,0,0,0,0,0,0,0,0
14757395258967641292,0,0,0,0,0,0,0,0,0
14757395258967641292,-1,0,0,1,0,2,0,-1,1
14757395258967641292,0,0,0,0,0,0,0,0,0
14757395258967641292,0,0,0,0,0,0,0,0,0
14757395258967641292,0,0,0,0,0,0,0,0,0
14757395258967641292,0,0,0,0,0,0,0,0,0
14757395258967641292,-2,0,-5,-6,-3,-2,-1,1,-18
14757395258967641292,0,0,0,0,0,0,0,0,0
14757395258967641292,-2,2,-2,-2,-1,-2,-1,1,-7
14757395258967641292,-1,-2,-1,0,-3,-1,-1,-1,-10
14757395258967641292,0,0,0,0,0,0,0,0,0
14757395258967641292,0,0,0,0,0,0,0,0,0
14757395258967641292,0,0,0,0,0,0,0,0,0
14757395258967641292,1,0,-1,-2,-2,-3,-1,0,-8
14757395258967641292,0,0,0,0,0,0,0,0,0
14757395258967641292,0,0,0,0,0,0,0,0,0
14757395258967641292,0,0,0,0,0,0,0,0,0
14757395258967641292,0,0,0,0,0,0,0,0,0
14757395258967641292,0,1,-1,1,2,1,1,0,5
14757395258967641292,0,0,0,0,0,0,0,0,0
14757395258967641292,0,1,2,-1,0,0,-1,1,2
14757395258967641292,0,0,0,0,0,0,0,0,0
14757395258967641292,-1,-2,-1,-1,-3,-3,-2,-3,-16
14757395258967641292,0,0,0,0,0,0,0,0,0
14757395258967641292,0,0,0,0,0,0,0,0,0
14757395258967641292,0,-1,1,-2,-2,1,1,0,-2
14757395258967641292,0,0,0,0,0,0,0,0,0
14757395258967641292,0,0,0,0,0,0,0,0,0
14757395258967641292,0,0,0,0,0,0,0,0,0
14757395258967641292,-1,-2,1,0,2,2,-1,-1,0
14757395258967641292,0,-1,-2,0,0,-2,0,0,-5
14757395258967641292,0,0,0,0,0,0,0,0,0
14757395258967641292,0,-2,-1,-1,-4,-3,0,-2,-13
14757395258967641292,0,0,0,0,0,0,0,0,0
14757395258967641292,0,-1,0,1,0,-1,-1,-2,-4
14757395258967641292,0,0,0,0,0,0,0,0,0
14757395258967641292,0,0,0,0,0,0,0,0,0
14757395258967641292,-2,-2,0,0,-1,-3,-4,-1,-13
14757395258967641292,0,0,0,0,0,0,0,0,0
14757395258967641292,0,0,0,0,0,0,0,0,0
14757395258967641292,0,0,0,0,0,0,0,0,0
14757395258967641292,0,-1,-2,-3,-3,0,0,2,-7
14757395258967641292,-2,-2,-2,-1,0,-1,-2,0,-10
14757395258967641292,0,0,0,0,0,0,0,0,0
14757395258967641292,-2,1,1,3,2,3,3,0,11
14757395258967641292,0,0,0,0,0,0,0,0,0
14757395258967641292,-1,-1,-4,-4,-4,-4,-2,-3,-23
14757395258967641292,0,0,0,0,0,0,0,0,0
14757395258967641292,0,0,0,0,0,0,0,0,0
14757395258967641292,-4,-1,0,0,1,0,0,-1,-5
14757395258967641292,0,0,0,0,0,0,0,0,0
14757395258967641292,0,0,0,0,0,0,0,0,0
14757395258967641292,0,0,0,0,0,0,0,0,0
14757395258967641292,0,0,0,0,0,0,0,0,0
14757395258967641292,1,0,-1,0,0,0,1,0,1
14757395258967641292,0,0,0,0,0,0,0,0,0
14757395258967641292,-1,-1,-1,2,-2,-3,-2,-1,-9
14757395258967641292,0,0,0,0,0,0,0,0,0
14757395258967641292,0,-3,2,-1,1,1,-1,-2,-3
14757395258967641292,0,0,0,0,0,0,0,0,0
14757395258967641292,0,0,0,0,0,0,0,0,0
14757395258967641292,1,1,-1,0,2,2,0,2,7
14757395258967641292,0,0,0,0,0,0,0,0,0
14757395258967641292,0,0,0,0,0,0,0,0,0
14757395258967641292,0,0,0,0,0,0,0,0,0
14757395258967641292,0,0,0,0,0,0,0,0,0
14757395258967641292,-1,-3,-1,2,5,4,0,0,6
14757395258967641292,0,0,0,0,0,0,0,0,0
14757395258967641292,-2,-2,-3,-3,-3,-1,-2,-2,-18
14757395258967641292,0,0,0,0,0,0,0,0,0
14757395258967641292,-1,-1,-1,-2,-5,-5,-2,-2,-19
14757395258967641292,0,0,0,0,0,0,0,0,0
14757395258967641292,0,0,0,0,0,0,0,0,0
14757395258967641292,0,0,-1,-1,-3,-4,1,0,-8
14757395258967641292,0,0,0,0,0,0,0,0,0
14757395258967641292,0,0,0,0,0,0,0,0,0
14757395258967641292,0,0,0,0,0,0,0,0,0
14757395258967641292,-1,1,1,1,4,4,1,-1,10
14757395258967641292,-1,-2,-6,-5,-5,-3,-1,-2,-25
14757395258967641292,0,0,0,0,0,0,0,0,0
14757395258967641292,-2,-2,-2,-4,-3,-3,-3,-1,-20
14757395258967641292,0,0,0,0,0,0,0,0,0
14757395258967641292,0,2,1,0,1,-1,-2,-1,0
14757395258967641292,0,0,0,0,0,0,0,0,0
14757395258967641292,0,0,0,0,0,0,0,0,0
14757395258967641292,-1,0,1,-1,-1,3,2,0,3
14757395258967641292,0,0,0,0,0,0,0,0,0
14757395258967641292,0,0,0,0,0,0,0,0,0
14757395258967641292,0,0,0,0,0,0,0,0,0
14757395258967641292,-3,-1,0,-1,-1,-5,-4,-1,-16
14757395258967641292,0,-3,-1,-3,-1,0,-3,0,-11
14757395258967641292,0,0,0,0,0,0,0,0,0
14757395258967641292,0,0,0,0,0,0,0,0,0
14757395258967641292,0,0,0,0,0,0,0,0,0
14757395258967641292,-2,-1,-1,0,2,0,-3,0,-5
14757395258967641292,0,0,0,0,0,0,0,0,0
14757395258967641292,0,0,0,0,0,0,0,0,0
14757395258967641292,-2,0,-1,3,1,2,0,0,3
14757395258967641292,0,0,0,0,0,0,0,0,0
14757395258967641292,0,0,0,0,0,0,0,0,0
14757395258967641292,0,0,0,0,0,0,0,0,0
14757395258967641292,0,0,0,0,0,0,0,0,0
14757395258967641292,-2,-2,1,1,-2,-4,-2,-2,-12
14757395258967641292,0,0,0,0,0,0,0,0,0
14757395258967641292,0,0,0,0,0,0,0,0,0
14757395258967641292,0,0,0,0,0,0,0,0,0
14757395258967641292,2,-3,-2,-2,-2,-4,-2,-2,-15
14757395258967641292,0,0,0,0,0,0,0,0,0
14757395258967641292,0,0,0,0,0,0,0,0,0
14757395258967641292,-2,1,-2,-4,-4,-4,-2,-3,-20
14757395258967641292,0,0,0,0,0,0,0,0,0
14757395258967641292,0,0,0,0,0,0,0,0,0
14757395258967641292,0,0,0,0,0,0,0,0,0
14757395258967641292,0,0,0,0,0,0,0,0,0
14757395258967641292,-2,-2,1,-1,-4,-2,0,-1,-11
14757395258967641292,0,0,0,0,0,0,0,0,0
14757395258967641292,0,0,0,0,0,0,0,0,0
14757395258967641292,0,0,0,0,0,0,0,0,0
14757395258967641292,-1,-1,2,-1,-1,-1,-3,-1,-7
14757395258967641292,0,0,0,0,0,0,0,0,0
14757395258967641292,0,0,0,0,0,0,0,0,0
14757395258967641292,1,-1,-2,1,2,1,1,1,4
14757395258967641292,0,0,0,0,0,0,0,0,0
14757395258967641292,0,0,0,0,0,0,0,0,0
14757395258967641292,0,0,0,0,0,0,0,0,0
14757395258967641292,0,0,0,0,0,0,0,0,0
14757395258967641292,-1,-1,-4,0,0,1,0,-1,-6
14757395258967641292,0,0,0,0,0,0,0,0,0
14757395258967641292,0,0,0,0,0,0,0,0,0
14757395258967641292,0,0,0,0,0,0,0,0,0
14757395258967641292,1,0,-2,-1,-1,-2,1,0,-4
14757395258967641292,0,0,0,0,0,0,0,0,0
14757395258967641292,0,0,0,0,0,0,0,0,0
14757395258967641292,-1,-2,0,-2,-1,-1,1,-1,-7
14757395258967641292,0,0,0,0,0,0,0,0,0
14757395258967641292,0,0,0,0,0,0,0,0,0
14757395258967641292,0,0,0,0,0,0,0,0,0
14757395258967641292,0,0,0,0,0,0,0,0,0
14757395258967641292,0,-2,-1,1,2,1,0,-1,0
14757395258967641292,0,0,0,0,0,0,0,0,0
14757395258967641292,0,0,0,0,0,0,0,0,0
14757395258967641292,0,0,0,0,0,0,0,0,0
14757395258967641292,-1,-2,-2,-4,-3,1,-1,-3,-15
14757395258967641292,0,0,0,0,0,0,0,0,0
14757395258967641292,0,0,0,0,0,0,0,0,0
14757395258967641292,-2,-3,-3,-1,-2,-3,-3,-3,-20
14757395258967641292,0,0,0,0,0,0,0,0,0
14757395258967641292,0,0,0,0,0,0,0,0,0
14757395258967641292,0,0,0,0,0,0,0,0,0
14757395258967641292,-2,0,0,-2,-3,-1,-1,0,-9
14757395258967641292,0,-1,0,1,3,3,0,0,6
14757395258967641292,0,0,0,0,0,0,0,0,0
14757395258967641292,0,0,0,0,0,0,0,0,0
14757395258967641292,0,0,0,0,0,0,0,0,0
14757395258967641292,-2,0,-2,-2,-5,-3,-2,0,-16
14757395258967641292,0,0,0,0,0,0,0,0,0
14757395258967641292,0,0,0,0,0,0,0,0,0
14757395258967641292,-1,0,1,0,-1,-1,-2,-1,-5
14757395258967641292,0,0,0,0,0,0,0,0,0
14757395258967641292,0,0,0,0,0,0,0,0,0
14757395258967641292,0,0,0,0,0,0,0,0,0
14757395258967641292,0,0,0,0,0,0,0,0,0
14757395258967641292,0,0,0,0,0,0,0,0,0
14757395258967641292,-2,0,-2,6,3,0,0,0,5
14757395258967641292,0,0,0,0,0,0,0,0,0
14757395258967641292,0,0,0,0,0,0,0,0,0
14757395258967641292,0,1,3,3,3,3,4,1,18
14757395258967641292,0,0,0,0,0,0,0,0,0
14757395258967641292,0,0,0,0,0,0,0,0,0
14757395258967641292,1,0,0,-2,0,2,3,2,6
14757395258967641292,0,0,0,0,0,0,0,0,0
14757395258967641292,0,0,0,0,0,0,0,0,0
14757395258967641292,0,0,0,0,0,0,0,0,0
14757395258967641292,0,0,0,0,0,0,0,0,0
14757395258967641292,-1,-2,-3,-4,-4,-3,-1,-1,-19
14757395258967641292,0,0,0,0,0,0,0,0,0
14757395258967641292,0,0,0,0,0,0,0,0,0
14757395258967641292,0,0,0,0,0,0,0,0,0
14757395258967641292,-3,-2,-1,-3,-4,-5,-3,-4,-25
14757395258967641292,0,0,0,0,0,0,0,0,0
14757395258967641292,0,0,0,0,0,0,0,0,0
14757395258967641292,1,0,-1,-5,-1,-2,-1,0,-9
14757395258967641292,0,0,0,0,0,0,0,0,0
14757395258967641292,0,0,0,0,0,0,0,0,0
14757395258967641292,0,0,0,0,0,0,0,0,0
14757395258967641292,-2,-1,-2,-1,-1,-1,-1,0,-9
14757395258967641292,0,-1,-3,1,-1,1,-1,-3,-7
14757395258967641292,0,0,0,0,0,0,0,0,0
14757395258967641292,0,0,0,0,0,0,0,0,0
14757395258967641292,0,0,0,0,0,0,0,0,0
14757395258967641292,-2,-2,0,-2,-1,-2,-1,-2,-12
14757395258967641292,0,0,0,0,0,0,0,0,0
14757395258967641292,0,0,0,0,0,0,0,0,0
14757395258967641292,0,-1,-3,-1,-2,0,0,0,-7
14757395258967641292,-5,-1,0,0,-2,-3,-2,-2,-15
14757395258967641292,0,0,0,0,0,0,0,0,0
14757395258967641292,0,0,0,0,0,0,0,0,0
14757395258967641292,-3,-3,-2,-2,1,0,2,0,-7
14757395258967641292,-1,-3,0,0,-5,-4,-3,-1,-17
14757395258967641292,0,0,0,0,0,0,0,0,0
14757395258967641292,0,0,0,0,0,0,0,0,0
14757395258967641292,0,0,0,0,0,0,0,0,0
14757395258967641292,0,-2,-4,-3,-1,-2,-1,0,-13
14757395258967641292,0,0,0,0,0,0,0,0,0
14757395258967641292,0,0,0,0,0,0,0,0,0
14757395258967641292,-1,0,0,-4,-3,0,-2,-2,-12
14757395258967641292,0,0,0,0,0,0,0,0,0
14757395258967641292,0,0,0,0,0,0,0,0,0
14757395258967641292,0,-1,-1,-4,-3,-3,-5,-2,-19
14757395258967641292,0,0,0,0,0,0,0,0,0
14757395258967641292,0,0,0,0,0,0,0,0,0
14757395258967641292,0,0,-1,3,0,1,-1,-2,0
14757395258967641292,0,0,0,0,0,0,0,0,0
14757395258967641292,0,0,0,0,0,0,0,0,0
14757395258967641292,-1,1,0,-1,1,0,-2,-1,-3
14757395258967641292,0,0,0,0,0,0,0,0,0
14757395258967641292,0,0,0,0,0,0,0,0,0
14757395258967641292,0,-1,0,1,2,4,1,0,7
14757395258967641292,0,1,-2,-2,-2,-1,1,1,-4
14757395258967641292,0,0,0,0,0,0,0,0,0
14757395258967641292,0,0,0,0,0,0,0,0,0
14757395258967641292,1,-1,-1,-1,-4,-7,-4,-3,-20
14757395258967641292,-2,1,-1,-4,-3,-3,-1,-1,-14
14757395258967641292,0,0,0,0,0,0,0,0,0
14757395258967641292,0,0,0,0,0,0,0,0,0
14757395258967641292,0,0,0,0,0,0,0,0,0
14757395258967641292,1,-1,0,-3,-1,-5,-4,-4,-17
14757395258967641292,0,0,0,0,0,0,0,0,0
14757395258967641292,0,0,0,0,0,0,0,0,0
14757395258967641292,-1,-2,-2,-3,-1,-1,-1,-2,-13
14757395258967641292,-1,-1,1,5,0,-1,1,1,5
14757395258967641292,0,0,0,0,0,0,0,0,0
14757395258967641292,0,0,0,0,0,0,0,0,0
14757395258967641292,-1,-1,2,2,1,2,1,0,6
14757395258967641292,-1,-1,-2,3,0,2,1,1,3
14757395258967641292,0,0,0,0,0,0,0,0,0
14757395258967641292,0,0,0,0,0,0,0,0,0
14757395258967641292,0,0,0,0,0,0,0,0,0
14757395258967641292,1,0,0,0,-1,-2,1,-2,-3
14757395258967641292,0,0,0,0,0,0,0,0,0
14757395258967641292,0,0,0,0,0,0,0,0,0
14757395258967641292,-2,-2,-2,0,0,-2,-1,-2,-11
14757395258967641292,-1,-1,1,1,1,-1,-3,0,-3
14757395258967641292,0,0,0,0,0,0,0,0,0
14757395258967641292,0,0,0,0,0,0,0,0,0
14757395258967641292,-1,0,0,-3,-1,0,0,-1,-6
14757395258967641292,-1,-3,-2,-5,-9,-6,-3,-2,-31
14757395258967641292,0,0,0,0,0,0,0,0,0
14757395258967641292,0,0,0,0,0,0,0,0,0
14757395258967641292,0,0,0,0,0,0,0,0,0
14757395258967641292,-1,-1,-4,1,0,0,0,-1,-6
14757395258967641292,0,0,0,0,0,0,0,0,0
14757395258967641292,0,0,0,0,0,0,0,0,0
14757395258967641292,-2,0,1,-1,-8,-5,-3,-3,-21
14757395258967641292,0,0,0,0,0,0,0,0,0
14757395258967641292,-2,-2,-2,-8,-5,-3,-2,-1,-25
14757395258967641292,0,0,0,0,0,0,0,0,0
14757395258967641292,0,0,0,0,0,0,0,0,0
14757395258967641292,0,-1,-1,3,6,6,6,0,19
14757395258967641292,0,0,0,0,0,0,0,0,0
14757395258967641292,0,0,0,0,0,0,0,0,0
14757395258967641292,0,0,0,0,0,0,0,0,0
14757395258967641292,0,2,3,-1,7,2,2,2,17
14757395258967641292,0,0,0,0,0,0,0,0,0
14757395258967641292,0,0,0,0,0,0,0,0,0
14757395258967641292,-1,-2,-1,-2,-3,0,-2,-2,-13
14757395258967641292,0,0,0,0,0,0,0,0,0
14757395258967641292,1,0,-1,1,1,0,0,0,2
14757395258967641292,0,0,0,0,0,0,0,0,0
14757395258967641292,0,0,0,0,0,0,0,0,0
14757395258967641292,-1,0,-2,2,1,6,3,1,10
14757395258967641292,0,0,0,0,0,0,0,0,0
14757395258967641292,0,0,0,0,0,0,0,0,0
14757395258967641292,0,0,0,0,0,0,0,0,0
14757395258967641292,0,-2,-1,-4,-6,-8,-3,-2,-26
14757395258967641292,0,0,0,0,0,0,0,0,0
14757395258967641292,0,0,0,0,0,0,0,0,0
14757395258967641292,0,0,0,0,0,0,0,0,0
14757395258967641292,0,0,0,0,0,0,0,0,0
14757395258967641292,-1,-3,-3,-2,-2,-5,-5,-2,-23
14757395258967641292,0,0,0,0,0,0,0,0,0
14757395258967641292,-1,-1,1,9,4,-1,-1,0,10
14757395258967641292,-1,-1,2,-1,-2,2,0,-3,-4
14757395258967641292,0,0,0,0,0,0,0,0,0
14757395258967641292,0,0,0,0,0,0,0,0,0
14757395258967641292,0,0,0,0,0,0,0,0,0
14757395258967641292,-2,0,-2,-2,0,0,-1,0,-7
14757395258967641292,0,0,0,0,0,0,0,0,0
14757395258967641292,0,0,0,0,0,0,0,0,0
14757395258967641292,0,0,0,0,0,0,0,0,0
14757395258967641292,0,0,0,0,0,0,0,0,0
14757395258967641292,0,1,1,1,-2,0,0,0,1
14757395258967641292,0,0,0,0,0,0,0,0,0
14757395258967641292,1,-2,0,-1,-3,-1,0,0,-6
14757395258967641292,1,-4,-4,-1,-1,2,0,0,-7
14757395258967641292,0,0,0,0,0,0,0,0,0
14757395258967641292,0,0,0,0,0,0,0,0,0
14757395258967641292,0,0,0,0,0,0,0,0,0
14757395258967641292,-1,0,-2,2,0,0,-1,0,-2
14757395258967641292,0,0,0,0,0,0,0,0,0
14757395258967641292,0,0,0,0,0,0,0,0,0
14757395258967641292,0,0,0,0,0,0,0,0,0
14757395258967641292,0,0,0,0,0,0,0,0,0
14757395258967641292,-2,-2,-2,-3,0,-1,-1,-1,-12
14757395258967641292,0,0,0,0,0,0,0,0,0
14757395258967641292,2,0,2,2,-2,-4,-4,-3,-7
14757395258967641292,-2,-2,-2,-4,-2,-2,-4,-2,-20
14757395258967641292,0,0,0,0,0,0,0,0,0
14757395258967641292,0,0,0,0,0,0,0,0,0
14757395258967641292,0,0,0,0,0,0,0,0,0
14757395258967641292,-1,-2,-2,0,-1,-4,-2,-1,-13
14757395258967641292,0,0,0,0,0,0,0,0,0
14757395258967641292,0,0,0,0,0,0,0,0,0
14757395258967641292,0,0,0,0,0,0,0,0,0
14757395258967641292,0,0,0,0,0,0,0,0,0
14757395258967641292,-3,-2,-3,-5,-8,-6,-1,-1,-29
14757395258967641292,0,0,0,0,0,0,0,0,0
14757395258967641292,-1,-2,-3,-4,-1,-1,0,-1,-13
14757395258967641292,0,0,0,0,0,-1,-3,0,-4
14757395258967641292,0,0,0,0,0,0,0,0,0
14757395258967641292,0,0,0,0,0,0,0,0,0
14757395258967641292,0,0,0,0,0,0,0,0,0
14757395258967641292,0,-1,-1,-1,-4,-3,-2,-1,-13
14757395258967641292,0,0,0,0,0,0,0,0,0
14757395258967641292,0,0,0,0,0,0,0,0,0
14757395258967641292,0,0,0,0,0,0,0,0,0
14757395258967641292,0,0,0,0,0,0,0,0,0
14757395258967641292,0,-2,1,1,2,1,1,0,4
14757395258967641292,0,0,0,0,0,0,0,0,0
14757395258967641292,0,0,-2,-1,-1,0,-2,-1,-7
14757395258967641292,-2,-3,-3,-4,-4,-2,-5,-3,-26
14757395258967641292,0,0,0,0,0,0,0,0,0
14757395258967641292,0,0,0,0,0,0,0,0,0
14757395258967641292,0,0,0,0,0,0,0,0,0
14757395258967641292,-3,-3,0,-1,-4,-2,0,-2,-15
14757395258967641292,0,0,0,0,0,0,0,0,0
14757395258967641292,0,0,0,0,0,0,0,0,0
14757395258967641292,0,0,0,0,0,0,0,0,0
14757395258967641292,0,0,0,0,0,0,0,0,0
14757395258967641292,0,-1,-1,0,1,4,1,0,4
14757395258967641292,0,0,0,0,0,0,0,0,0
14757395258967641292,0,-2,-3,-3,-5,-6,-3,-3,-25
14757395258967641292,-1,0,1,1,4,3,1,0,9
14757395258967641292,0,0,0,0,0,0,0,0,0
14757395258967641292,0,0,0,0,0,0,0,0,0
14757395258967641292,0,0,0,0,0,0,0,0,0
14757395258967641292,-1,1,2,1,2,2,0,0,7
14757395258967641292,0,0,0,0,0,0,0,0,0
14757395258967641292,0,0,0,0,0,0,0,0,0
14757395258967641292,0,0,0,0,0,0,0,0,0
14757395258967641292,-2,1,0,-3,-3,-2,-3,-3,-15
14757395258967641292,0,0,0,0,-1,-1,2,0,0
14757395258967641292,0,0,0,0,0,0,0,0,0
14757395258967641292,0,0,0,0,0,0,0,0,0
14757395258967641292,-1,-1,-2,-2,0,2,-1,-2,-7
14757395258967641292,0,0,0,0,0,0,0,0,0
14757395258967641292,0,0,0,0,0,0,0,0,0
14757395258967641292,0,0,0,0,0,0,0,0,0
14757395258967641292,1,-4,-1,1,0,-2,-1,1,-5
14757395258967641292,0,0,0,0,0,0,0,0,0
14757395258967641292,0,0,0,0,0,0,0,0,0
14757395258967641292,0,0,0,0,0,0,0,0,0
14757395258967641292,0,0,0,0,0,0,0,0,0
14757395258967641292,-2,-1,-3,-2,-4,-3,-3,-3,-21
14757395258967641292,0,0,0,0,0,0,0,0,0
14757395258967641292,0,0,0,0,0,0,0,0,0
14757395258967641292,-1,-2,-2,-1,3,0,1,-2,-4
14757395258967641292,0,0,0,0,0,0,0,0,0
14757395258967641292,0,0,0,0,0,0,0,0,0
14757395258967641292,0,0,0,0,0,0,0,0,0
14757395258967641292,1,-2,-2,-2,0,0,0,0,-5
14757395258967641292,0,0,0,0,0,0,0,0,0
14757395258967641292,0,0,0,0,0,0,0,0,0
14757395258967641292,0,0,0,0,0,0,0,0,0
14757395258967641292,0,0,0,0,0,0,0,0,0
14757395258967641292,-2,-2,-1,-3,-6,-7,-5,-3,-29
14757395258967641292,0,0,0,0,0,0,0,0,0
14757395258967641292,-1,0,-3,-1,4,3,2,0,4
14757395258967641292,-1,-1,1,-1,-1,-1,-2,0,-6
14757395258967641292,0,0,0,0,0,0,0,0,0
14757395258967641292,0,0,0,0,0,0,0,0,0
14757395258967641292,0,0,0,0,0,0,0,0,0
14757395258967641292,2,1,-1,1,2,3,1,1,10
14757395258967641292,0,0,0,0,0,0,0,0,0
14757395258967641292,0,0,0,0,0,0,0,0,0
14757395258967641292,0,0,0,0,0,0,0,0,0
14757395258967641292,0,0,0,0,0,0,0,0,0
14757395258967641292,-3,-1,-2,-4,0,-6,-4,-3,-23
14757395258967641292,0,0,0,0,0,0,0,0,0
14757395258967641292,1,-3,-1,0,-2,-1,-4,-1,-11
14757395258967641292,0,-1,-3,0,-1,0,-1,-1,-7
14757395258967641292,0,0,0,0,0,0,0,0,0
14757395258967641292,0,0,0,0,0,0,0,0,0
14757395258967641292,0,0,0,0,0,0,0,0,0
14757395258967641292,-3,-1,-2,-4,-8,-5,-7,-3,-33
14757395258967641292,0,0,0,0,0,0,0,0,0
14757395258967641292,0,0,0,0,0,0,0,0,0
14757395258967641292,0,0,0,0,0,0,0,0,0
14757395258967641292,0,0,0,0,0,0,0,0,0
14757395258967641292,0,0,-1,2,5,2,1,1,10
14757395258967641292,0,0,0,0,0,0,0,0,0
14757395258967641292,-2,-1,-3,-4,-6,-6,-4,-4,-30
14757395258967641292,0,0,0,0,0,0,0,0,0
14757395258967641292,-1,-3,1,1,0,0,3,0,1
14757395258967641292,0,0,0,0,0,0,0,0,0
14757395258967641292,0,0,0,0,0,0,0,0,0
14757395258967641292,-2,-2,-4,-6,-9,-6,-6,-3,-38
14757395258967641292,0,0,0,0,0,0,0,0,0
14757395258967641292,0,0,0,0,0,0,0,0,0
14757395258967641292,0,0,0,0,0,0,0,0,0
14757395258967641292,0,0,0,0,0,0,0,0,0
14757395258967641292,-2,-3,0,-1,-3,-4,-2,1,-14
14757395258967641292,0,0,0,0,0,0,0,0,0
14757395258967641292,0,-1,1,-1,1,-2,-2,-2,-6
14757395258967641292,0,0,0,0,0,0,0,0,0
14757395258967641292,-1,0,0,2,1,2,1,0,5
14757395258967641292,0,0,0,0,0,0,0,0,0
14757395258967641292,0,0,0,0,0,0,0,0,0
14757395258967641292,-1,-1,-2,-2,-2,1,1,-1,-7
14757395258967641292,0,0,0,0,0,0,0,0,0
14757395258967641292,0,0,0,0,0,0,0,0,0
14757395258967641292,0,0,0,0,0,0,0,0,0
14757395258967641292,0,0,0,0,0,0,0,0,0
14757395258967641292,-1,0,0,0,-1,1,2,1,2
14757395258967641292,0,0,0,0,0,0,0,0,0
14757395258967641292,-2,-2,1,-2,-3,-3,-2,-2,-15
14757395258967641292,0,0,0,0,0,0,0,0,0
14757395258967641292,1,1,-2,2,3,3,2,1,11
14757395258967641292,0,0,0,0,0,0,0,0,0
14757395258967641292,0,0,0,0,0,0,0,0,0
14757395258967641292,-1,-1,-2,-1,-3,-2,-1,-1,-12
14757395258967641292,0,0,0,0,0,0,0,0,0
14757395258967641292,0,0,0,0,0,0,0,0,0
14757395258967641292,0,0,0,0,0,0,0,0,0
14757395258967641292,0,0,0,0,0,0,0,0,0
14757395258967641292,0,-1,-2,-1,-1,0,-1,-1,-7
14757395258967641292,0,0,0,0,0,0,0,0,0
14757395258967641292,-2,0,0,0,-2,-1,1,-1,-5
14757395258967641292,0,0,0,0,0,0,0,0,0
14757395258967641292,-1,1,2,-1,0,-1,1,-1,0
14757395258967641292,0,0,0,0,0,0,0,0,0
14757395258967641292,0,0,0,0,0,0,0,0,0
14757395258967641292,-1,-2,-1,-1,-5,-5,-3,-2,-20
14757395258967641292,0,0,0,0,0,0,0,0,0
14757395258967641292,0,0,0,0,0,0,0,0,0
14757395258967641292,0,0,0,0,0,0,0,0,0
14757395258967641292,0,0,0,0,0,0,0,0,0
14757395258967641292,-1,-1,-1,-3,-2,-3,-2,1,-12
14757395258967641292,0,0,0,0,0,0,0,0,0
14757395258967641292,-1,-2,1,0,0,2,-2,-1,-3
14757395258967641292,0,0,0,0,0,0,0,0,0
14757395258967641292,-1,0,-2,0,1,-2,-1,-2,-7
14757395258967641292,0,0,0,0,0,0,0,0,0
14757395258967641292,0,0,0,0,0,0,0,0,0
14757395258967641292,-1,-1,-1,-3,1,2,0,0,-3
14757395258967641292,0,0,0,0,0,0,0,0,0
14757395258967641292,0,0,0,0,0,0,0,0,0
14757395258967641292,0,0,0,0,0,0,0,0,0
14757395258967641292,0,-1,-1,-2,-1,-5,2,0,-8
14757395258967641292,1,0,1,1,3,2,0,-1,7
14757395258967641292,0,0,0,0,0,0,0,0,0
14757395258967641292,-1,-1,-2,-2,-4,-4,-3,-1,-18
14757395258967641292,0,0,0,0,0,0,0,0,0
14757395258967641292,-1,-2,-1,-3,-6,-4,-1,-2,-20
14757395258967641292,0,0,0,0,0,0,0,0,0
14757395258967641292,0,0,0,0,0,0,0,0,0
14757395258967641292,-1,-2,-2,-3,-4,-4,-2,-2,-20
14757395258967641292,0,0,0,0,0,0,0,0,0
14757395258967641292,0,0,0,0,0,0,0,0,0
14757395258967641292,0,0,0,0,0,0,0,0,0
14757395258967641292,0,0,0,0,0,0,0,0,0
14757395258967641292,-1,0,0,0,2,3,2,0,6
