14757395258967641292,0,0,0,0,0,0,0,0,0
14757395258967641292,2,-5,-8,2,9,4,-2,3,5
14757395258967641292,0,0,0,0,0,0,0,0,0
14757395258967641292,2,2,6,-2,-4,-9,0,10,5
14757395258967641292,0,0,0,0,0,0,0,0,0
14757395258967641292,0,0,0,0,0,0,0,0,0
14757395258967641292,-6,-2,0,2,7,2,0,0,3
14757395258967641292,0,0,0,0,0,0,0,0,0
14757395258967641292,0,0,0,0,0,0,0,0,0
14757395258967641292,0,0,0,0,0,0,0,0,0
14757395258967641292,0,0,0,0,0,0,0,0,0
14757395258967641292,-1,4,0,-4,-11,-7,-4,-3,-26
14757395258967641292,0,0,0,0,0,0,0,0,0
14757395258967641292,0,0,0,0,0,0,0,0,0
14757395258967641292,0,0,0,0,0,0,0,0,0
14757395258967641292,2,4,-3,-9,-5,11,0,1,1
14757395258967641292,0,0,0,0,0,0,0,0,0
14757395258967641292,0,0,0,0,0,0,0,0,0
14757395258967641292,2,2,-2,5,-7,-8,-3,3,-8
14757395258967641292,-1,-4,-3,-1,-6,0,-2,-5,-22
14757395258967641292,0,0,0,0,0,0,0,0,0
14757395258967641292,0,0,0,0,0,0,0,0,0
14757395258967641292,0,0,0,0,0,0,0,0,0
14757395258967641292,0,0,0,0,0,0,0,0,0
14757395258967641292,-2,2,4,6,9,-1,-5,-7,6
14757395258967641292,0,0,0,0,0,0,0,0,0
14757395258967641292,0,0,0,0,0,0,0,0,0
14757395258967641292,-2,-4,-1,4,10,-1,0,1,7
14757395258967641292,0,0,0,0,0,0,0,0,0
14757395258967641292,0,0,0,0,0,0,0,0,0
14757395258967641292,0,-3,-3,-1,-7,-4,-2,6,-14
14757395258967641292,0,0,0,0,0,0,0,0,0
14757395258967641292,0,0,0,0,0,0,0,0,0
14757395258967641292,0,0,0,0,0,0,0,0,0
14757395258967641292,0,0,0,0,0,0,0,0,0
14757395258967641292,0,-3,-13,-5,-2,3,2,-4,-22
14757395258967641292,0,0,0,0,0,0,0,0,0
14757395258967641292,0,0,0,0,0,0,0,0,0
14757395258967641292,0,0,0,0,0,0,0,0,0
14757395258967641292,2,-2,-10,-1,3,-3,-1,-1,-13
14757395258967641292,0,0,0,0,0,0,0,0,0
14757395258967641292,0,0,0,0,0,0,0,0,0
14757395258967641292,-2,4,-1,-4,-3,-3,2,-8,-15
14757395258967641292,-3,-3,2,-4,-4,4,2,-1,-7
14757395258967641292,0,0,0,0,0,0,0,0,0
14757395258967641292,0,0,0,0,0,0,0,0,0
14757395258967641292,0,0,0,0,0,0,0,0,0
14757395258967641292,-1,0,6,2,-9,-7,-2,3,-8
14757395258967641292,0,0,0,0,0,0,0,0,0
14757395258967641292,0,0,0,0,0,0,0,0,0
14757395258967641292,0,0,0,0,0,0,0,0,0
14757395258967641292,-1,-2,1,3,37,6,-3,-7,34
14757395258967641292,0,0,0,0,0,0,0,0,0
14757395258967641292,0,0,0,0,0,0,0,0,0
14757395258967641292,7,1,-11,3,-1,-10,-3,4,-10
14757395258967641292,1,5,13,0,-6,4,-1,-1,15
14757395258967641292,0,0,0,0,0,0,0,0,0
14757395258967641292,0,0,0,0,0,0,0,0,0
14757395258967641292,-5,4,1,1,17,2,0,5,25
14757395258967641292,-20,-11,-7,-3,0,-3,-3,-4,-51
14757395258967641292,0,0,0,0,0,0,0,0,0
14757395258967641292,0,0,0,0,0,0,0,0,0
14757395258967641292,0,0,0,0,0,0,0,0,0
14757395258967641292,2,6,4,-7,-12,-8,1,-4,-18
14757395258967641292,0,0,0,0,0,0,0,0,0
14757395258967641292,0,0,0,0,0,0,0,0,0
14757395258967641292,-10,5,2,2,-6,-7,-2,-1,-17
14757395258967641292,0,-1,-5,2,4,2,1,-2,1
14757395258967641292,0,0,0,0,0,0,0,0,0
14757395258967641292,0,0,0,0,0,0,0,0,0
14757395258967641292,2,1,-13,-6,4,-1,-5,-4,-22
14757395258967641292,2,11,10,-2,-13,-6,3,9,14
14757395258967641292,0,0,0,0,0,0,0,0,0
14757395258967641292,0,0,0,0,0,0,0,0,0
14757395258967641292,0,0,0,0,0,0,0,0,0
14757395258967641292,2,-3,1,5,3,1,0,-3,6
14757395258967641292,0,0,0,0,0,0,0,0,0
14757395258967641292,0,0,0,0,0,0,0,0,0
14757395258967641292,1,-3,7,7,18,14,2,-3,43
14757395258967641292,-1,-2,-4,-8,-17,-12,-6,-3,-53
14757395258967641292,0,0,0,0,0,0,0,0,0
14757395258967641292,0,0,0,0,0,0,0,0,0
14757395258967641292,3,-14,6,3,-6,2,-1,-2,-9
14757395258967641292,-1,-3,4,-1,-12,-6,-2,-5,-26
14757395258967641292,0,0,0,0,0,0,0,0,0
14757395258967641292,0,0,0,0,0,0,0,0,0
14757395258967641292,0,0,0,0,0,0,0,0,0
14757395258967641292,-2,-14,10,10,5,-1,3,-16,-5
14757395258967641292,0,0,0,0,0,0,0,0,0
14757395258967641292,0,0,0,0,0,0,0,0,0
14757395258967641292,-4,-18,2,-2,2,-4,-7,-16,-47
14757395258967641292,9,20,-40,-16,13,3,-1,2,-10
14757395258967641292,0,0,0,0,0,0,0,0,0
14757395258967641292,0,0,0,0,0,0,0,0,0
14757395258967641292,3,2,9,-9,-23,-7,8,3,-14
14757395258967641292,1,-19,-8,-1,-3,-1,-1,17,-15
14757395258967641292,0,0,0,0,0,0,0,0,0
14757395258967641292,0,0,0,0,0,0,0,0,0
14757395258967641292,0,0,0,0,0,0,0,0,0
14757395258967641292,-2,-18,-1,3,5,19,35,21,62
14757395258967641292,0,0,0,0,0,0,0,0,0
14757395258967641292,0,0,0,0,0,0,0,0,0
14757395258967641292,-8,13,0,-1,-5,-11,-29,-23,-64
14757395258967641292,-4,0,-1,2,1,-1,8,-7,-2
14757395258967641292,0,0,0,0,0,0,0,0,0
14757395258967641292,0,0,0,0,0,0,0,0,0
14757395258967641292,-24,-45,-39,-13,-7,-5,-34,-10,-177
14757395258967641292,7,2,9,4,6,-9,-23,-29,-33
14757395258967641292,0,0,0,0,0,0,0,0,0
14757395258967641292,0,0,0,0,0,0,0,0,0
14757395258967641292,0,0,0,0,0,0,0,0,0
14757395258967641292,-7,-15,0,9,15,12,-30,17,1
14757395258967641292,0,0,0,0,0,0,0,0,0
14757395258967641292,0,0,0,0,0,0,0,0,0
14757395258967641292,1,-4,-8,-2,-4,4,34,35,56
14757395258967641292,-1,10,10,-7,-26,-17,-31,4,-58
14757395258967641292,0,0,0,0,0,0,0,0,0
14757395258967641292,0,0,0,0,0,0,0,0,0
14757395258967641292,-1,30,17,9,17,9,21,-12,90
14757395258967641292,-1,14,0,-7,-12,-2,-3,20,9
14757395258967641292,0,0,0,0,0,0,0,0,0
14757395258967641292,0,0,0,0,0,0,0,0,0
14757395258967641292,0,0,0,0,0,0,0,0,0
14757395258967641292,5,-18,1,10,17,15,86,19,135
14757395258967641292,0,0,0,0,0,0,0,0,0
14757395258967641292,0,0,0,0,0,0,0,0,0
14757395258967641292,3,-8,-6,-1,-7,-12,-23,-3,-57
14757395258967641292,-3,-34,-19,-19,-20,0,26,-3,-72
14757395258967641292,0,0,0,0,0,0,0,0,0
14757395258967641292,0,0,0,0,0,0,0,0,0
14757395258967641292,0,0,0,0,0,0,0,0,0
14757395258967641292,5,-16,-3,-4,-10,-11,-1,8,-32
14757395258967641292,0,0,0,0,0,0,0,0,0
14757395258967641292,0,0,0,0,0,0,0,0,0
14757395258967641292,0,0,0,0,0,0,0,0,0
14757395258967641292,-7,26,-3,-4,-6,-9,-14,-26,-43
14757395258967641292,0,0,0,0,0,0,0,0,0
14757395258967641292,0,0,0,0,0,0,0,0,0
14757395258967641292,0,-23,-1,2,4,2,48,59,91
14757395258967641292,0,0,0,0,0,0,0,0,0
14757395258967641292,0,-10,0,-1,-4,-7,-1,8,-15
14757395258967641292,0,0,0,0,0,0,0,0,0
14757395258967641292,0,0,0,0,0,0,0,0,0
14757395258967641292,1,25,1,3,9,3,-29,-18,-5
14757395258967641292,0,0,0,0,0,0,0,0,0
14757395258967641292,0,0,0,0,0,0,0,0,0
14757395258967641292,0,0,0,0,0,0,0,0,0
14757395258967641292,10,17,10,1,-21,17,22,13,69
14757395258967641292,0,0,0,0,0,0,0,0,0
14757395258967641292,0,0,0,0,0,0,0,0,0
14757395258967641292,-3,21,-1,-2,5,9,-22,6,13
14757395258967641292,1,30,13,1,-4,-14,-31,-9,-13
14757395258967641292,0,0,0,0,0,0,0,0,0
14757395258967641292,0,0,0,0,0,0,0,0,0
14757395258967641292,0,0,0,0,0,0,0,0,0
14757395258967641292,10,42,22,12,2,4,56,65,213
14757395258967641292,0,14,-2,-3,11,-8,-19,-39,-46
14757395258967641292,0,0,0,0,0,0,0,0,0
14757395258967641292,0,0,0,0,0,0,0,0,0
14757395258967641292,-1,-3,-1,7,14,5,25,36,82
14757395258967641292,0,0,0,0,0,0,0,0,0
14757395258967641292,0,0,0,0,0,0,0,0,0
14757395258967641292,-25,-78,-54,-19,-7,-14,7,-77,-267
14757395258967641292,1,-42,-22,-8,5,7,19,-18,-58
14757395258967641292,0,0,0,0,0,0,0,0,0
14757395258967641292,0,0,0,0,0,0,0,0,0
14757395258967641292,0,0,0,0,0,0,0,0,0
14757395258967641292,-8,3,-3,-2,-3,-5,-34,-28,-80
14757395258967641292,0,0,0,0,0,0,0,0,0
14757395258967641292,0,0,0,0,0,0,0,0,0
14757395258967641292,0,0,0,0,0,0,0,0,0
14757395258967641292,-7,1,18,15,2,0,-82,-66,-119
14757395258967641292,0,0,0,0,0,0,0,0,0
14757395258967641292,0,0,0,0,0,0,0,0,0
14757395258967641292,-14,-42,-1,-3,3,-6,11,-20,-72
14757395258967641292,-12,2,-5,-10,-15,-1,54,18,31
14757395258967641292,0,0,0,0,0,0,0,0,0
14757395258967641292,0,0,0,0,0,0,0,0,0
14757395258967641292,6,30,10,6,10,-6,-44,5,17
14757395258967641292,12,9,6,7,-5,-1,17,42,87
14757395258967641292,0,0,0,0,0,0,0,0,0
14757395258967641292,0,0,0,0,0,0,0,0,0
14757395258967641292,0,0,0,0,0,0,0,0,0
14757395258967641292,1,44,25,9,1,-7,-49,-28,-4
14757395258967641292,0,0,0,0,0,0,0,0,0
14757395258967641292,0,0,0,0,0,0,0,0,0
14757395258967641292,26,23,9,25,19,14,43,35,194
14757395258967641292,3,2,-9,-3,-1,3,21,5,21
14757395258967641292,0,0,0,0,0,0,0,0,0
14757395258967641292,0,0,0,0,0,0,0,0,0
14757395258967641292,1,0,11,-9,-9,3,41,-5,33
14757395258967641292,-4,-5,-4,-2,5,7,-10,87,74
14757395258967641292,0,0,0,0,0,0,0,0,0
14757395258967641292,0,0,0,0,0,0,0,0,0
14757395258967641292,0,0,0,0,0,0,0,0,0
14757395258967641292,-26,-26,-10,-3,11,-7,-39,9,-91
14757395258967641292,0,0,0,0,0,0,0,0,0
14757395258967641292,0,0,0,0,0,0,0,0,0
14757395258967641292,0,0,0,0,0,0,0,0,0
14757395258967641292,-22,-6,-5,7,9,-6,-102,-71,-196
14757395258967641292,-16,6,4,-1,-10,-18,-79,-78,-192
14757395258967641292,0,0,0,0,0,0,0,0,0
14757395258967641292,-11,-42,-9,7,10,-8,2,-19,-70
14757395258967641292,0,0,0,0,0,0,0,0,0
14757395258967641292,1,-55,-20,-16,-7,3,118,85,109
14757395258967641292,0,0,0,0,0,0,0,0,0
14757395258967641292,0,0,0,0,0,0,0,0,0
14757395258967641292,-3,-56,-28,-1,-14,-18,-42,-71,-233
14757395258967641292,0,0,0,0,0,0,0,0,0
14757395258967641292,0,0,0,0,0,0,0,0,0
14757395258967641292,0,0,0,0,0,0,0,0,0
14757395258967641292,0,0,0,0,0,0,0,0,0
14757395258967641292,22,35,-8,-10,1,11,111,53,215
14757395258967641292,0,0,0,0,0,0,0,0,0
14757395258967641292,-3,-30,2,1,-1,0,49,90,108
14757395258967641292,0,0,0,0,0,0,0,0,0
14757395258967641292,3,43,36,9,1,-2,68,82,240
14757395258967641292,0,0,0,0,0,0,0,0,0
14757395258967641292,0,0,0,0,0,0,0,0,0
14757395258967641292,23,7,-8,1,22,14,-62,96,93
14757395258967641292,0,0,0,0,0,0,0,0,0
14757395258967641292,0,0,0,0,0,0,0,0,0
14757395258967641292,0,0,0,0,0,0,0,0,0
14757395258967641292,0,0,0,0,0,0,0,0,0
14757395258967641292,-22,-30,-21,-11,-8,-17,4,-43,-148
14757395258967641292,0,0,0,0,0,0,0,0,0
14757395258967641292,4,35,25,15,0,-17,-54,-68,-60
14757395258967641292,0,0,0,0,0,0,0,0,0
14757395258967641292,0,-47,-67,-31,-5,-2,-28,-27,-207
14757395258967641292,0,0,0,0,0,0,0,0,0
14757395258967641292,0,0,0,0,0,0,0,0,0
14757395258967641292,4,9,30,27,20,16,46,-17,135
14757395258967641292,0,0,0,0,0,0,0,0,0
14757395258967641292,0,0,0,0,0,0,0,0,0
14757395258967641292,0,0,0,0,0,0,0,0,0
14757395258967641292,0,0,0,0,0,0,0,0,0
14757395258967641292,1,1,18,0,-9,10,19,15,55
14757395258967641292,0,0,0,0,0,0,0,0,0
14757395258967641292,-40,-89,-45,-23,-9,1,-30,-62,-297
14757395258967641292,0,0,0,0,0,0,0,0,0
14757395258967641292,8,26,6,6,5,-8,-5,7,45
14757395258967641292,0,0,0,0,0,0,0,0,0
14757395258967641292,0,0,0,0,0,0,0,0,0
14757395258967641292,-17,-6,2,-8,-17,-3,26,15,-8
14757395258967641292,0,0,0,0,0,0,0,0,0
14757395258967641292,0,0,0,0,0,0,0,0,0
14757395258967641292,0,0,0,0,0,0,0,0,0
14757395258967641292,2,-21,-55,-17,17,12,81,19,38
14757395258967641292,13,33,27,-2,1,4,66,84,226
14757395258967641292,0,0,0,0,0,0,0,0,0
14757395258967641292,-14,-12,-31,-4,13,-13,-50,-126,-237
14757395258967641292,0,0,0,0,0,0,0,0,0
14757395258967641292,-28,-31,5,-5,-27,-20,4,15,-87
14757395258967641292,0,0,0,0,0,0,0,0,0
14757395258967641292,0,0,0,0,0,0,0,0,0
14757395258967641292,-5,-80,-79,-14,-2,1,-81,11,-249
14757395258967641292,0,0,0,0,0,0,0,0,0
14757395258967641292,0,0,0,0,0,0,0,0,0
14757395258967641292,0,0,0,0,0,0,0,0,0
14757395258967641292,19,61,45,14,-5,-2,-9,49,172
14757395258967641292,-1,-29,-15,-4,-23,-36,-106,-37,-251
14757395258967641292,0,0,0,0,0,0,0,0,0
14757395258967641292,-14,-106,-50,-7,6,13,35,39,-84
14757395258967641292,0,0,0,0,0,0,0,0,0
14757395258967641292,30,94,34,16,22,30,33,74,333
14757395258967641292,0,0,0,0,0,0,0,0,0
14757395258967641292,0,0,0,0,0,0,0,0,0
14757395258967641292,0,0,0,0,0,0,0,0,0
14757395258967641292,1,53,64,25,-4,-15,24,25,173
14757395258967641292,-4,40,38,4,9,1,-19,-38,31
14757395258967641292,0,0,0,0,0,0,0,0,0
14757395258967641292,0,0,0,0,0,0,0,0,0
14757395258967641292,-5,-35,-10,1,9,24,18,11,13
14757395258967641292,0,0,0,0,0,0,0,0,0
14757395258967641292,-9,-6,-29,-33,-10,-24,-76,-73,-260
14757395258967641292,0,0,0,0,0,0,0,0,0
14757395258967641292,-11,-43,-33,-20,-18,-5,-5,-40,-175
14757395258967641292,0,0,0,0,0,0,0,0,0
14757395258967641292,0,0,0,0,0,0,0,0,0
14757395258967641292,3,-14,-10,11,19,1,-1,-20,-11
14757395258967641292,0,0,0,0,0,0,0,0,0
14757395258967641292,0,0,0,0,0,0,0,0,0
14757395258967641292,0,0,0,0,0,0,0,0,0
14757395258967641292,0,0,0,0,0,0,0,0,0
14757395258967641292,2,25,32,8,-11,-14,-28,-41,-27
14757395258967641292,0,0,0,0,0,0,0,0,0
14757395258967641292,7,14,18,-6,3,4,20,37,97
14757395258967641292,0,0,0,0,0,0,0,0,0
14757395258967641292,9,49,36,4,13,4,58,99,272
14757395258967641292,0,0,0,0,0,0,0,0,0
14757395258967641292,0,0,0,0,0,0,0,0,0
14757395258967641292,-16,36,10,8,6,-18,-128,-106,-208
14757395258967641292,0,0,0,0,0,0,0,0,0
14757395258967641292,0,0,0,0,0,0,0,0,0
14757395258967641292,0,0,0,0,0,0,0,0,0
14757395258967641292,0,0,0,0,0,0,0,0,0
14757395258967641292,-4,17,27,9,2,-1,9,12,71
14757395258967641292,0,0,0,0,0,0,0,0,0
14757395258967641292,-21,-69,-67,-23,-9,-12,-37,-61,-299
14757395258967641292,0,0,0,0,0,0,0,0,0
14757395258967641292,6,-50,-27,-12,2,13,61,17,10
14757395258967641292,0,0,0,0,0,0,0,0,0
14757395258967641292,0,0,0,0,0,0,0,0,0
14757395258967641292,-8,-6,-11,-10,-9,-1,26,46,27
14757395258967641292,0,0,0,0,0,0,0,0,0
14757395258967641292,0,0,0,0,0,0,0,0,0
14757395258967641292,0,0,0,0,0,0,0,0,0
14757395258967641292,1,23,12,15,11,0,-5,-7,50
14757395258967641292,9,-26,2,3,-9,-6,22,71,66
14757395258967641292,0,0,0,0,0,0,0,0,0
14757395258967641292,-4,9,12,9,3,-4,-89,-100,-164
14757395258967641292,0,0,0,0,0,0,0,0,0
14757395258967641292,-12,-23,-23,-12,-5,-13,8,41,-39
14757395258967641292,0,0,0,0,0,0,0,0,0
14757395258967641292,0,0,0,0,0,0,0,0,0
14757395258967641292,8,34,4,3,7,6,-36,-37,-11
14757395258967641292,0,0,0,0,0,0,0,0,0
14757395258967641292,0,0,0,0,0,0,0,0,0
14757395258967641292,0,0,0,0,0,0,0,0,0
14757395258967641292,0,0,0,0,0,0,0,0,0
14757395258967641292,-11,-32,-16,-12,-12,-4,-2,-51,-140
14757395258967641292,0,0,0,0,0,0,0,0,0
14757395258967641292,7,-10,-2,14,-3,-4,21,46,69
14757395258967641292,0,0,0,0,0,0,0,0,0
14757395258967641292,3,11,0,-18,4,0,46,-18,28
14757395258967641292,0,0,0,0,0,0,0,0,0
14757395258967641292,0,0,0,0,0,0,0,0,0
14757395258967641292,-12,11,11,6,-3,5,-36,-78,-96
14757395258967641292,0,0,0,0,0,0,0,0,0
14757395258967641292,0,0,0,0,0,0,0,0,0
14757395258967641292,0,0,0,0,0,0,0,0,0
14757395258967641292,-9,-67,-55,-15,-4,-11,38,52,-71
14757395258967641292,3,54,12,6,1,1,61,4,142
14757395258967641292,0,0,0,0,0,0,0,0,0
14757395258967641292,-11,-26,-2,-2,1,-2,16,7,-19
14757395258967641292,0,0,0,0,0,0,0,0,0
14757395258967641292,-1,-12,-3,4,10,10,-23,60,45
14757395258967641292,0,0,0,0,0,0,0,0,0
14757395258967641292,0,0,0,0,0,0,0,0,0
14757395258967641292,12,9,20,22,12,15,-25,-14,51
14757395258967641292,0,0,0,0,0,0,0,0,0
14757395258967641292,0,0,0,0,0,0,0,0,0
14757395258967641292,0,0,0,0,0,0,0,0,0
14757395258967641292,-1,18,21,1,-7,-5,-19,-55,-47
14757395258967641292,3,11,-3,13,15,-2,3,30,70
14757395258967641292,0,0,0,0,0,0,0,0,0
14757395258967641292,-18,-52,-30,-44,-7,-11,-5,-71,-238
14757395258967641292,0,0,0,0,0,0,0,0,0
14757395258967641292,-11,-8,-20,-13,-9,-4,-6,-1,-72
14757395258967641292,0,0,0,0,0,0,0,0,0
14757395258967641292,0,0,0,0,0,0,0,0,0
14757395258967641292,-6,-36,-28,-3,1,8,16,-2,-50
14757395258967641292,0,0,0,0,0,0,0,0,0
14757395258967641292,0,0,0,0,0,0,0,0,0
14757395258967641292,0,0,0,0,0,0,0,0,0
14757395258967641292,-9,-17,2,11,1,-8,31,-29,-18
14757395258967641292,-3,20,2,-6,-9,-7,7,-20,-16
14757395258967641292,0,0,0,0,0,0,0,0,0
14757395258967641292,1,-13,-19,1,4,8,28,51,61
14757395258967641292,0,0,0,0,0,0,0,0,0
14757395258967641292,-3,-38,-20,0,-6,-6,1,-4,-76
14757395258967641292,0,0,0,0,0,0,0,0,0
14757395258967641292,0,0,0,0,0,0,0,0,0
14757395258967641292,-7,-1,2,-13,4,2,-27,-14,-54
14757395258967641292,0,0,0,0,0,0,0,0,0
14757395258967641292,0,0,0,0,0,0,0,0,0
14757395258967641292,0,0,0,0,0,0,0,0,0
14757395258967641292,6,31,8,7,-5,0,18,17,82
14757395258967641292,2,42,22,-1,-6,-7,-12,-5,35
14757395258967641292,0,0,0,0,0,0,0,0,0
14757395258967641292,5,17,-2,5,-2,1,15,1,40
14757395258967641292,0,0,0,0,0,0,0,0,0
14757395258967641292,5,13,4,-3,-3,-6,-12,-5,-7
14757395258967641292,0,0,0,0,0,0,0,0,0
14757395258967641292,0,0,0,0,0,0,0,0,0
14757395258967641292,0,-7,-13,-9,-3,4,-6,-15,-49
14757395258967641292,0,0,0,0,0,0,0,0,0
14757395258967641292,0,0,0,0,0,0,0,0,0
14757395258967641292,0,0,0,0,0,0,0,0,0
14757395258967641292,1,-3,-69,0,7,6,9,12,-37
14757395258967641292,-10,-19,51,-10,3,-5,-5,-15,-10
14757395258967641292,0,0,0,0,0,0,0,0,0
14757395258967641292,-5,6,52,-14,3,1,4,-9,38
14757395258967641292,0,0,0,0,0,0,0,0,0
14757395258967641292,0,0,0,0,0,0,0,0,0
14757395258967641292,7,14,70,14,0,-1,-8,5,101
14757395258967641292,0,0,0,0,0,0,0,0,0
14757395258967641292,0,0,0,0,0,0,0,0,0
14757395258967641292,-4,-2,71,10,-6,-10,-3,-2,54
14757395258967641292,13,14,-4,20,6,-3,19,59,124
14757395258967641292,0,0,0,0,0,0,0,0,0
14757395258967641292,-28,-50,-89,-33,-19,-5,10,19,-195
14757395258967641292,4,19,82,14,-7,9,-25,-17,79
14757395258967641292,0,0,0,0,0,0,0,0,0
14757395258967641292,0,0,0,0,0,0,0,0,0
14757395258967641292,0,0,0,0,0,0,0,0,0
14757395258967641292,-2,6,115,15,5,-2,11,17,165
14757395258967641292,0,0,0,0,0,0,0,0,0
14757395258967641292,0,0,0,0,0,0,0,0,0
14757395258967641292,9,10,-28,0,1,3,-10,-3,-18
14757395258967641292,3,-8,-114,-8,-3,-7,1,-31,-167
14757395258967641292,0,0,0,0,0,0,0,0,0
14757395258967641292,0,0,0,0,0,0,0,0,0
14757395258967641292,6,-7,50,-10,-19,-10,-6,19,23
14757395258967641292,-1,-27,-128,-4,21,-7,9,8,-129
14757395258967641292,0,0,0,0,0,0,0,0,0
14757395258967641292,0,0,0,0,0,0,0,0,0
14757395258967641292,0,0,0,0,0,0,0,0,0
14757395258967641292,-8,-1,79,9,-6,13,-5,-30,51
14757395258967641292,0,0,0,0,0,0,0,0,0
14757395258967641292,0,0,0,0,0,0,0,0,0
14757395258967641292,6,-3,-37,10,11,3,-3,57,44
14757395258967641292,-6,-19,-88,-17,-11,-8,-11,-13,-173
14757395258967641292,0,0,0,0,0,0,0,0,0
14757395258967641292,0,0,0,0,0,0,0,0,0
14757395258967641292,0,0,0,0,0,0,0,0,0
14757395258967641292,-2,9,21,-15,-14,-2,3,-27,-27
14757395258967641292,0,0,0,0,0,0,0,0,0
14757395258967641292,0,0,0,0,0,0,0,0,0
14757395258967641292,0,0,0,0,0,0,0,0,0
14757395258967641292,0,-7,-3,-9,3,-2,0,2,-16
14757395258967641292,0,0,0,0,0,0,0,0,0
14757395258967641292,0,0,0,0,0,0,0,0,0
14757395258967641292,-9,6,125,7,0,-1,-3,-18,107
14757395258967641292,1,19,-60,-3,-6,-9,-3,5,-56
14757395258967641292,0,0,0,0,0,0,0,0,0
14757395258967641292,0,0,0,0,0,0,0,0,0
14757395258967641292,0,0,0,0,0,0,0,0,0
14757395258967641292,1,-11,-25,-1,-7,-6,-6,32,-23
14757395258967641292,0,0,0,0,0,0,0,0,0
14757395258967641292,0,0,0,0,0,0,0,0,0
14757395258967641292,0,0,0,0,0,0,0,0,0
14757395258967641292,2,20,18,-2,5,1,-4,-11,29
14757395258967641292,0,0,0,0,0,0,0,0,0
14757395258967641292,0,0,0,0,0,0,0,0,0
14757395258967641292,-3,-3,42,-1,1,7,-12,-2,29
14757395258967641292,-3,-2,13,-6,-12,-4,-5,9,-10
14757395258967641292,0,0,0,0,0,0,0,0,0
14757395258967641292,0,0,0,0,0,0,0,0,0
14757395258967641292,0,0,0,0,0,0,0,0,0
14757395258967641292,-8,-15,37,-2,-5,-5,0,5,7
14757395258967641292,0,0,0,0,0,0,0,0,0
14757395258967641292,0,0,0,0,0,0,0,0,0
14757395258967641292,0,0,0,0,0,0,0,0,0
14757395258967641292,5,23,37,9,2,5,1,-12,70
14757395258967641292,0,0,0,0,0,0,0,0,0
14757395258967641292,0,0,0,0,0,0,0,0,0
14757395258967641292,10,1,5,0,3,0,-7,4,16
14757395258967641292,0,-9,-55,-14,-5,-12,-17,-34,-146
14757395258967641292,0,0,0,0,0,0,0,0,0
14757395258967641292,0,0,0,0,0,0,0,0,0
14757395258967641292,3,9,-82,-10,-2,-2,1,7,-76
14757395258967641292,-8,-17,-72,10,-2,0,-13,10,-92
14757395258967641292,0,0,0,0,0,0,0,0,0
14757395258967641292,0,0,0,0,0,0,0,0,0
14757395258967641292,0,0,0,0,0,0,0,0,0
14757395258967641292,-6,-27,-36,-22,1,3,23,-2,-66
14757395258967641292,0,0,0,0,0,0,0,0,0
14757395258967641292,0,0,0,0,0,0,0,0,0
14757395258967641292,2,6,-72,-10,-2,-11,-6,5,-88
14757395258967641292,-5,-8,23,11,11,9,16,-13,44
14757395258967641292,0,0,0,0,0,0,0,0,0
14757395258967641292,0,0,0,0,0,0,0,0,0
14757395258967641292,1,23,127,22,-1,-5,-3,18,182
14757395258967641292,3,12,87,7,-7,-3,-8,-22,69
14757395258967641292,0,0,0,0,0,0,0,0,0
14757395258967641292,0,0,0,0,0,0,0,0,0
14757395258967641292,0,0,0,0,0,0,0,0,0
14757395258967641292,3,-6,14,-2,-5,-5,-17,11,-7
14757395258967641292,0,0,0,0,0,0,0,0,0
14757395258967641292,0,0,0,0,0,0,0,0,0
14757395258967641292,-3,2,-28,1,-9,0,14,-2,-25
14757395258967641292,-25,-45,-57,-17,4,-8,-12,-15,-175
14757395258967641292,0,0,0,0,0,0,0,0,0
14757395258967641292,0,0,0,0,0,0,0,0,0
14757395258967641292,-6,10,18,1,-3,-1,-3,6,22
14757395258967641292,8,-5,-2,-6,-9,0,-1,14,-1
14757395258967641292,0,0,0,0,0,0,0,0,0
14757395258967641292,0,0,0,0,0,0,0,0,0
14757395258967641292,0,0,0,0,0,0,0,0,0
14757395258967641292,4,16,63,4,-1,2,16,4,108
14757395258967641292,0,0,0,0,0,0,0,0,0
14757395258967641292,0,0,0,0,0,0,0,0,0
14757395258967641292,0,-19,-38,-14,-3,-2,-6,-1,-83
14757395258967641292,-7,-17,-33,-8,11,-1,-31,-35,-121
14757395258967641292,0,0,0,0,0,0,0,0,0
14757395258967641292,0,0,0,0,0,0,0,0,0
14757395258967641292,1,-2,1,-8,-11,-4,-3,1,-25
14757395258967641292,-3,4,17,4,-17,-13,-6,-6,-20
14757395258967641292,0,0,0,0,0,0,0,0,0
14757395258967641292,0,0,0,0,0,0,0,0,0
14757395258967641292,0,0,0,0,0,0,0,0,0
14757395258967641292,-1,-22,-67,-12,-5,-1,6,12,-90
14757395258967641292,0,0,0,0,0,0,0,0,0
14757395258967641292,0,0,0,0,0,0,0,0,0
14757395258967641292,-6,-23,45,-12,-17,-11,3,-5,-26
14757395258967641292,3,22,36,12,-3,-4,-4,10,72
14757395258967641292,0,0,0,0,0,0,0,0,0
14757395258967641292,0,0,0,0,0,0,0,0,0
14757395258967641292,2,-1,41,11,11,-4,-1,-16,43
14757395258967641292,6,19,93,5,5,0,10,3,141
14757395258967641292,0,0,0,0,0,0,0,0,0
14757395258967641292,0,0,0,0,0,0,0,0,0
14757395258967641292,0,0,0,0,0,0,0,0,0
14757395258967641292,2,9,-57,5,4,-6,7,15,-21
14757395258967641292,0,0,0,0,0,0,0,0,0
14757395258967641292,0,0,0,0,0,0,0,0,0
14757395258967641292,8,8,-9,0,2,1,3,8,21
14757395258967641292,-4,-20,-96,-19,4,13,1,-2,-123
14757395258967641292,0,0,0,0,0,0,0,0,0
14757395258967641292,0,0,0,0,0,0,0,0,0
14757395258967641292,-2,-10,-39,-17,-13,-8,-4,8,-85
14757395258967641292,4,11,41,4,-2,-1,12,24,93
14757395258967641292,0,0,0,0,0,0,0,0,0
14757395258967641292,0,0,0,0,0,0,0,0,0
14757395258967641292,0,0,0,0,0,0,0,0,0
14757395258967641292,-4,-2,63,-11,-10,-3,1,0,34
14757395258967641292,0,0,0,0,0,0,0,0,0
14757395258967641292,0,0,0,0,0,0,0,0,0
14757395258967641292,-3,6,26,2,-3,-1,0,6,33
14757395258967641292,0,-6,-1,-2,6,1,8,5,11
14757395258967641292,0,0,0,0,0,0,0,0,0
14757395258967641292,0,0,0,0,0,0,0,0,0
14757395258967641292,-1,-8,-29,2,4,1,-9,15,-25
14757395258967641292,0,3,21,-2,-2,7,-4,2,25
14757395258967641292,0,0,0,0,0,0,0,0,0
14757395258967641292,0,0,0,0,0,0,0,0,0
14757395258967641292,0,0,0,0,0,0,0,0,0
14757395258967641292,-3,27,28,4,-10,-1,-5,-3,37
14757395258967641292,0,0,0,0,0,0,0,0,0
14757395258967641292,0,0,0,0,0,0,0,0,0
14757395258967641292,0,17,1,-3,-7,-8,-10,-5,-15
14757395258967641292,3,20,49,9,1,-8,-14,-1,59
14757395258967641292,0,0,0,0,0,0,0,0,0
14757395258967641292,0,0,0,0,0,0,0,0,0
14757395258967641292,-9,-24,8,-9,-4,-5,6,-28,-65
14757395258967641292,1,-12,-8,3,-7,3,-6,-7,-33
14757395258967641292,0,0,0,0,0,0,0,0,0
14757395258967641292,0,0,0,0,0,0,0,0,0
14757395258967641292,0,0,0,0,0,0,0,0,0
14757395258967641292,4,1,42,-1,-3,4,8,29,84
14757395258967641292,0,0,0,0,0,0,0,0,0
14757395258967641292,0,0,0,0,0,0,0,0,0
14757395258967641292,3,7,-4,-4,0,3,4,0,9
14757395258967641292,0,0,0,0,0,0,0,0,0
14757395258967641292,3,14,13,3,-1,-12,-1,8,27
14757395258967641292,0,0,0,0,0,0,0,0,0
14757395258967641292,0,0,0,0,0,0,0,0,0
14757395258967641292,1,1,-19,-1,-1,-2,2,-6,-25
14757395258967641292,0,0,0,0,0,0,0,0,0
14757395258967641292,0,0,0,0,0,0,0,0,0
14757395258967641292,0,0,0,0,0,0,0,0,0
14757395258967641292,-4,-5,18,-3,-8,-2,10,-4,2
14757395258967641292,0,0,0,0,0,0,0,0,0
14757395258967641292,0,0,0,0,0,0,0,0,0
14757395258967641292,-1,-9,63,6,4,13,-9,5,72
14757395258967641292,0,0,0,0,0,0,0,0,0
14757395258967641292,-4,-6,24,-5,-1,6,-12,-16,-14
14757395258967641292,0,0,0,0,0,0,0,0,0
14757395258967641292,0,0,0,0,0,0,0,0,0
14757395258967641292,0,2,-27,-8,-5,3,3,-12,-44
14757395258967641292,0,0,0,0,0,0,0,0,0
14757395258967641292,0,0,0,0,0,0,0,0,0
14757395258967641292,0,0,0,0,0,0,0,0,0
14757395258967641292,1,6,-14,5,2,-5,3,-6,-8
14757395258967641292,0,0,0,0,0,0,0,0,0
14757395258967641292,0,0,0,0,0,0,0,0,0
14757395258967641292,0,0,0,0,0,0,0,0,0
14757395258967641292,0,0,0,0,0,0,0,0,0
14757395258967641292,-2,-6,14,6,13,4,-15,-5,9
14757395258967641292,0,0,0,0,0,0,0,0,0
14757395258967641292,0,0,0,0,0,0,0,0,0
14757395258967641292,0,3,5,-2,0,-10,9,4,9
14757395258967641292,0,0,0,0,0,0,0,0,0
14757395258967641292,0,0,0,0,0,0,0,0,0
14757395258967641292,0,0,0,0,0,0,0,0,0
14757395258967641292,1,7,27,5,-6,-4,-6,-2,22
14757395258967641292,0,0,0,0,0,0,0,0,0
14757395258967641292,0,0,0,0,0,0,0,0,0
14757395258967641292,0,0,0,0,0,0,0,0,0
14757395258967641292,0,0,0,0,0,0,0,0,0
14757395258967641292,0,1,7,16,22,0,-4,1,43
14757395258967641292,0,0,0,0,0,0,0,0,0
14757395258967641292,0,0,0,0,0,0,0,0,0
14757395258967641292,-3,-21,-73,-18,-6,-6,-10,-10,-147
14757395258967641292,0,0,0,0,0,0,0,0,0
14757395258967641292,0,0,0,0,0,0,0,0,0
14757395258967641292,0,0,0,0,0,0,0,0,0
14757395258967641292,2,-1,-24,3,3,-6,-11,4,-30
14757395258967641292,0,0,0,0,0,0,0,0,0
14757395258967641292,0,0,0,0,0,0,0,0,0
14757395258967641292,0,0,0,0,0,0,0,0,0
14757395258967641292,0,0,0,0,0,0,0,0,0
14757395258967641292,-2,-3,13,-3,-10,-1,-6,0,-12
14757395258967641292,0,0,0,0,0,0,0,0,0
14757395258967641292,-1,4,-9,2,-1,-1,2,2,-2
14757395258967641292,-2,-2,-3,0,1,1,5,-2,-2
14757395258967641292,0,0,0,0,0,0,0,0,0
14757395258967641292,0,0,0,0,0,0,0,0,0
14757395258967641292,0,0,0,0,0,0,0,0,0
14757395258967641292,-5,-19,4,-8,-7,7,12,2,-14
14757395258967641292,0,0,0,0,0,0,0,0,0
14757395258967641292,0,0,0,0,0,0,0,0,0
14757395258967641292,0,0,0,0,0,0,0,0,0
14757395258967641292,0,2,-26,-6,-3,-2,-1,1,-35
14757395258967641292,-2,-7,-16,-9,-6,2,-3,-3,-44
14757395258967641292,0,0,0,0,0,0,0,0,0
14757395258967641292,2,12,53,11,1,-3,0,4,80
14757395258967641292,0,0,0,0,0,0,0,0,0
14757395258967641292,0,5,0,8,-5,-4,-3,-4,-3
14757395258967641292,0,0,0,0,0,0,0,0,0
14757395258967641292,0,0,0,0,0,0,0,0,0
14757395258967641292,4,-2,13,-2,-2,-1,13,17,40
14757395258967641292,0,0,0,0,0,0,0,0,0
14757395258967641292,0,0,0,0,0,0,0,0,0
14757395258967641292,0,0,0,0,0,0,0,0,0
14757395258967641292,4,1,-14,2,1,2,-3,-2,-9
14757395258967641292,-1,-3,-25,0,6,1,5,-1,-18
14757395258967641292,0,0,0,0,0,0,0,0,0
14757395258967641292,-1,1,-4,-3,0,-9,-3,-5,-24
14757395258967641292,0,0,0,0,0,0,0,0,0
14757395258967641292,-1,2,9,5,3,11,0,4,33
14757395258967641292,0,0,0,0,0,0,0,0,0
14757395258967641292,0,0,0,0,0,0,0,0,0
14757395258967641292,-5,-6,-1,-2,-13,-10,-4,-6,-47
14757395258967641292,0,0,0,0,0,0,0,0,0
14757395258967641292,0,0,0,0,0,0,0,0,0
14757395258967641292,0,0,0,0,0,0,0,0,0
14757395258967641292,0,-3,0,6,6,8,2,1,20
14757395258967641292,-1,0,-34,-10,-4,5,-1,-2,-47
14757395258967641292,0,0,0,0,0,0,0,0,0
14757395258967641292,-4,-13,2,-6,-14,-9,-6,6,-44
14757395258967641292,0,0,0,0,0,0,0,0,0
14757395258967641292,0,0,0,0,0,0,0,0,0
14757395258967641292,-1,4,16,3,5,2,-4,-2,23
14757395258967641292,0,0,0,0,0,0,0,0,0
14757395258967641292,-4,1,25,-6,-13,0,4,-24,-17
14757395258967641292,0,0,0,0,0,0,0,0,0
14757395258967641292,0,0,0,0,0,0,0,0,0
14757395258967641292,0,0,0,0,0,0,0,0,0
14757395258967641292,0,-13,-11,-7,1,-2,0,8,-24
14757395258967641292,3,8,-9,2,11,5,-1,8,27
14757395258967641292,0,0,0,0,0,0,0,0,0
14757395258967641292,0,11,22,3,-3,0,5,1,39
14757395258967641292,0,0,0,0,0,0,0,0,0
14757395258967641292,-3,-11,-14,-5,-6,-10,-6,0,-55
14757395258967641292,0,0,0,0,0,0,0,0,0
14757395258967641292,0,0,0,0,0,0,0,0,0
14757395258967641292,2,3,22,20,21,10,5,6,89
14757395258967641292,0,0,0,0,0,0,0,0,0
14757395258967641292,0,0,0,0,0,0,0,0,0
14757395258967641292,0,0,0,0,0,0,0,0,0
14757395258967641292,-3,14,-3,3,8,-4,-2,-4,9
14757395258967641292,3,6,-24,-12,-5,-1,-9,-4,-46
14757395258967641292,0,0,0,0,0,0,0,0,0
14757395258967641292,1,-10,-9,-7,-4,0,5,-4,-28
14757395258967641292,0,0,0,0,0,0,0,0,0
14757395258967641292,-3,3,12,6,-1,-13,-7,0,-3
14757395258967641292,0,0,0,0,0,0,0,0,0
14757395258967641292,0,0,0,0,0,0,0,0,0
14757395258967641292,-4,-9,-22,-11,-13,-6,2,-4,-67
14757395258967641292,0,0,0,0,0,0,0,0,0
14757395258967641292,0,0,0,0,0,0,0,0,0
14757395258967641292,0,0,0,0,0,0,0,0,0
14757395258967641292,-1,14,26,2,-5,4,6,-1,45
14757395258967641292,-8,-25,-53,-11,6,-11,4,-10,-108
14757395258967641292,0,0,0,0,0,0,0,0,0
14757395258967641292,-2,-10,15,-1,1,5,1,-3,6
14757395258967641292,0,0,0,0,0,0,0,0,0
14757395258967641292,0,5,4,4,2,1,3,2,21
14757395258967641292,0,0,0,0,0,0,0,0,0
14757395258967641292,0,0,0,0,0,0,0,0,0
14757395258967641292,0,6,-22,6,16,12,-8,-9,1
14757395258967641292,0,0,0,0,0,0,0,0,0
14757395258967641292,0,0,0,0,0,0,0,0,0
14757395258967641292,0,0,0,0,0,0,0,0,0
14757395258967641292,-2,1,7,4,1,-1,7,15,32
14757395258967641292,2,8,26,-2,-16,-4,-2,4,16
14757395258967641292,0,0,0,0,0,0,0,0,0
14757395258967641292,-5,-1,-8,0,11,3,2,-8,-6
14757395258967641292,0,0,0,0,0,0,0,0,0
14757395258967641292,1,8,20,4,4,-4,3,3,39
14757395258967641292,0,0,0,0,0,0,0,0,0
14757395258967641292,0,0,0,0,0,0,0,0,0
14757395258967641292,-2,4,9,-5,-1,4,2,3,14
14757395258967641292,0,0,0,0,0,0,0,0,0
14757395258967641292,0,0,0,0,0,0,0,0,0
14757395258967641292,0,0,0,0,0,0,0,0,0
14757395258967641292,0,0,0,0,0,0,0,0,0
14757395258967641292,-1,-2,19,-9,-11,-3,-10,-4,-21
14757395258967641292,0,0,0,0,0,0,0,0,0
14757395258967641292,1,-1,-8,-2,2,6,-4,-8,-14
14757395258967641292,0,0,0,0,0,0,0,0,0
14757395258967641292,-6,-9,4,-5,-17,-11,-1,-9,-54
14757395258967641292,0,0,0,0,0,0,0,0,0
14757395258967641292,0,0,0,0,0,0,0,0,0
14757395258967641292,-1,-1,-3,6,-1,3,0,-2,1
14757395258967641292,0,0,0,0,0,0,0,0,0
14757395258967641292,0,0,0,0,0,0,0,0,0
14757395258967641292,0,0,0,0,0,0,0,0,0
14757395258967641292,0,0,0,0,0,0,0,0,0
14757395258967641292,-2,-4,-23,5,3,3,6,5,-7
14757395258967641292,0,0,0,0,0,0,0,0,0
14757395258967641292,0,-2,-15,-6,-9,-4,3,2,-31
14757395258967641292,0,0,0,0,0,0,0,0,0
14757395258967641292,0,7,43,11,7,4,-1,-4,67
14757395258967641292,0,0,0,0,0,0,0,0,0
14757395258967641292,0,0,0,0,0,0,0,0,0
14757395258967641292,-6,-10,12,2,-6,-9,-4,0,-21
14757395258967641292,0,0,0,0,0,0,0,0,0
14757395258967641292,0,0,0,0,0,0,0,0,0
14757395258967641292,0,0,0,0,0,0,0,0,0
14757395258967641292,0,0,0,0,0,0,0,0,0
14757395258967641292,3,0,-7,5,15,7,-1,1,23
14757395258967641292,0,0,0,0,0,0,0,0,0
14757395258967641292,-3,9,16,-1,-7,-5,-1,11,19
14757395258967641292,0,0,0,0,0,0,0,0,0
14757395258967641292,-1,7,17,-8,-9,-15,-3,1,-11
14757395258967641292,0,0,0,0,0,0,0,0,0
14757395258967641292,0,0,0,0,0,0,0,0,0
14757395258967641292,0,-2,-16,-2,0,-2,-11,0,-33
14757395258967641292,0,0,0,0,0,0,0,0,0
14757395258967641292,0,0,0,0,0,0,0,0,0
14757395258967641292,0,0,0,0,0,0,0,0,0
14757395258967641292,0,0,0,0,0,0,0,0,0
14757395258967641292,-2,-8,-15,-11,-11,-2,-5,-8,-62
14757395258967641292,0,0,0,0,0,0,0,0,0
14757395258967641292,0,0,0,0,0,0,0,0,0
14757395258967641292,0,0,0,0,0,0,0,0,0
14757395258967641292,3,1,33,2,-6,-1,3,2,37
14757395258967641292,0,0,0,0,0,0,0,0,0
14757395258967641292,0,0,0,0,0,0,0,0,0
14757395258967641292,-4,-10,18,-10,-5,1,4,-3,-9
14757395258967641292,0,0,0,0,0,0,0,0,0
14757395258967641292,0,0,0,0,0,0,0,0,0
14757395258967641292,0,0,0,0,0,0,0,0,0
14757395258967641292,0,0,15,0,-5,-6,-4,-5,-5
14757395258967641292,2,0,-27,10,29,15,2,-1,30
14757395258967641292,0,0,0,0,0,0,0,0,0
14757395258967641292,-2,-6,-13,-8,-13,-3,-3,-4,-52
14757395258967641292,0,0,0,0,0,0,0,0,0
14757395258967641292,-1,3,-4,2,-7,10,-2,-1,0
14757395258967641292,0,0,0,0,0,0,0,0,0
14757395258967641292,0,0,0,0,0,0,0,0,0
14757395258967641292,1,-1,12,-7,-15,-14,-6,-8,-38
14757395258967641292,0,0,0,0,0,0,0,0,0
14757395258967641292,0,0,0,0,0,0,0,0,0
14757395258967641292,0,0,0,0,0,0,0,0,0
14757395258967641292,-3,4,5,-1,-12,0,-3,-4,-14
14757395258967641292,3,8,1,11,24,7,-1,4,57
14757395258967641292,0,0,0,0,0,0,0,0,0
14757395258967641292,-2,-4,-16,-8,-12,-5,-4,-6,-57
14757395258967641292,0,0,0,0,0,0,0,0,0
14757395258967641292,1,11,-15,-2,1,5,-10,-1,-10
14757395258967641292,0,0,0,0,0,0,0,0,0
14757395258967641292,0,0,0,0,0,0,0,0,0
14757395258967641292,-3,-3,1,1,4,0,6,5,11
14757395258967641292,0,0,0,0,0,0,0,0,0
14757395258967641292,0,0,0,0,0,0,0,0,0
14757395258967641292,0,0,0,0,0,0,0,0,0
14757395258967641292,-2,-4,-24,-7,-5,-4,-4,-2,-52
14757395258967641292,-4,-7,-4,-1,5,-5,2,-1,-15
14757395258967641292,0,0,0,0,0,0,0,0,0
14757395258967641292,-3,-20,-14,0,8,4,-1,-5,-31
14757395258967641292,0,0,0,0,0,0,0,0,0
14757395258967641292,-2,0,-9,-10,-17,-15,2,0,-51
14757395258967641292,0,0,0,0,0,0,0,0,0
14757395258967641292,0,0,0,0,0,0,0,0,0
14757395258967641292,0,-6,-11,-1,-7,-4,-1,1,-29
14757395258967641292,0,0,0,0,0,0,0,0,0
14757395258967641292,0,0,0,0,0,0,0,0,0
14757395258967641292,0,0,0,0,0,0,0,0,0
14757395258967641292,1,6,1,-1,-5,2,8,2,14
14757395258967641292,2,4,31,5,9,0,-1,-4,46
14757395258967641292,0,0,0,0,0,0,0,0,0
14757395258967641292,0,0,0,0,0,0,0,0,0
14757395258967641292,0,0,0,0,0,0,0,0,0
14757395258967641292,-1,-1,-10,-9,-15,-8,-4,-3,-51
14757395258967641292,0,0,0,0,0,0,0,0,0
14757395258967641292,0,0,0,0,0,0,0,0,0
14757395258967641292,-3,-21,-12,-1,1,10,-1,1,-26
14757395258967641292,0,0,0,0,0,0,0,0,0
14757395258967641292,0,0,0,0,0,0,0,0,0
14757395258967641292,0,0,0,0,0,0,0,0,0
14757395258967641292,-2,-8,-90,-8,-7,-5,-3,-1,-124
14757395258967641292,0,-2,-13,-10,-8,-5,2,0,-36
14757395258967641292,0,0,0,0,0,0,0,0,0
14757395258967641292,0,0,0,0,0,0,0,0,0
14757395258967641292,0,0,0,0,0,0,0,0,0
14757395258967641292,-3,-2,-18,2,4,5,-2,-4,-18
14757395258967641292,0,0,0,0,0,0,0,0,0
14757395258967641292,0,0,0,0,0,0,0,0,0
14757395258967641292,-1,0,0,-2,-8,-10,-9,7,-23
14757395258967641292,0,0,0,0,0,0,0,0,0
14757395258967641292,0,0,0,0,0,0,0,0,0
14757395258967641292,0,0,0,0,0,0,0,0,0
14757395258967641292,3,4,18,4,11,1,-1,0,40
14757395258967641292,0,1,-10,2,4,0,8,4,9
14757395258967641292,0,0,0,0,0,0,0,0,0
14757395258967641292,0,0,0,0,0,0,0,0,0
14757395258967641292,0,0,0,0,0,0,0,0,0
14757395258967641292,0,4,16,3,-2,1,2,-5,19
14757395258967641292,0,0,0,0,0,0,0,0,0
14757395258967641292,0,0,0,0,0,0,0,0,0
14757395258967641292,0,-7,4,-4,1,3,-3,-2,-8
14757395258967641292,-2,-7,-9,1,3,-9,-3,5,-21
14757395258967641292,0,0,0,0,0,0,0,0,0
14757395258967641292,0,0,0,0,0,0,0,0,0
14757395258967641292,0,-1,-40,-11,-4,-8,0,8,-56
14757395258967641292,2,1,-18,-2,-7,0,0,6,-18
14757395258967641292,0,0,0,0,0,0,0,0,0
14757395258967641292,0,0,0,0,0,0,0,0,0
14757395258967641292,0,0,0,0,0,0,0,0,0
14757395258967641292,1,0,8,-8,-4,4,-2,8,7
14757395258967641292,0,0,0,0,0,0,0,0,0
14757395258967641292,0,0,0,0,0,0,0,0,0
14757395258967641292,-2,3,14,-3,-24,-6,-1,-5,-24
14757395258967641292,-4,-3,-4,3,18,15,3,-6,22
14757395258967641292,0,0,0,0,0,0,0,0,0
14757395258967641292,0,0,0,0,0,0,0,0,0
14757395258967641292,-3,6,15,0,-2,-2,-3,-4,7
14757395258967641292,0,5,4,-1,-8,-8,3,-3,-8
14757395258967641292,0,0,0,0,0,0,0,0,0
14757395258967641292,0,0,0,0,0,0,0,0,0
14757395258967641292,0,0,0,0,0,0,0,0,0
14757395258967641292,-1,2,-2,-5,-4,0,-1,-6,-17
14757395258967641292,0,0,0,0,0,0,0,0,0
14757395258967641292,0,0,0,0,0,0,0,0,0
14757395258967641292,-13,-9,3,-1,-1,-9,0,-7,-37
14757395258967641292,-9,-1,43,2,1,9,-1,-5,39
14757395258967641292,0,0,0,0,0,0,0,0,0
14757395258967641292,0,0,0,0,0,0,0,0,0
14757395258967641292,0,2,-4,-4,1,-6,-4,2,-13
14757395258967641292,0,-5,-5,1,-2,-8,-2,-5,-26
14757395258967641292,0,0,0,0,0,0,0,0,0
14757395258967641292,0,0,0,0,0,0,0,0,0
14757395258967641292,0,0,0,0,0,0,0,0,0
14757395258967641292,-2,-13,-19,-6,1,-4,-3,-3,-49
14757395258967641292,0,0,0,0,0,0,0,0,0
14757395258967641292,0,0,0,0,0,0,0,0,0
14757395258967641292,4,2,-2,4,4,-3,2,-1,10
14757395258967641292,4,5,-17,-9,-12,-1,-7,-15,-52
14757395258967641292,0,0,0,0,0,0,0,0,0
14757395258967641292,0,0,0,0,0,0,0,0,0
14757395258967641292,2,2,-7,-11,-17,-1,-4,2,-34
14757395258967641292,1,1,1,7,7,9,4,7,37
14757395258967641292,0,0,0,0,0,0,0,0,0
14757395258967641292,0,0,0,0,0,0,0,0,0
14757395258967641292,0,0,0,0,0,0,0,0,0
14757395258967641292,0,1,-5,2,5,-2,-3,0,-2
14757395258967641292,0,0,0,0,0,0,0,0,0
14757395258967641292,0,0,0,0,0,0,0,0,0
14757395258967641292,-1,0,-3,-5,-10,-1,4,1,-15
14757395258967641292,-6,-5,0,-3,-9,-12,-1,-4,-40
14757395258967641292,0,0,0,0,0,0,0,0,0
14757395258967641292,0,0,0,0,0,0,0,0,0
14757395258967641292,0,0,0,0,0,0,0,0,0
14757395258967641292,1,10,-11,-5,-14,-2,6,-8,-23
14757395258967641292,0,0,0,0,0,0,0,0,0
14757395258967641292,0,0,0,0,0,0,0,0,0
14757395258967641292,0,0,0,0,0,0,0,0,0
14757395258967641292,0,5,1,6,12,3,-1,7,33
14757395258967641292,0,0,0,0,0,0,0,0,0
14757395258967641292,0,0,0,0,0,0,0,0,0
14757395258967641292,-1,-8,-13,2,11,-8,-6,-7,-30
14757395258967641292,-11,-13,70,-3,-11,-14,-2,-3,13
14757395258967641292,0,0,0,0,0,0,0,0,0
14757395258967641292,0,0,0,0,0,0,0,0,0
14757395258967641292,0,0,0,0,0,0,0,0,0
14757395258967641292,3,5,-21,-2,-2,-4,0,0,-21
14757395258967641292,0,0,0,0,0,0,0,0,0
14757395258967641292,0,0,0,0,0,0,0,0,0
14757395258967641292,0,0,0,0,0,0,0,0,0
14757395258967641292,1,-5,-15,-2,-3,-9,10,8,-15
14757395258967641292,0,0,0,0,0,0,0,0,0
14757395258967641292,0,0,0,0,0,0,0,0,0
14757395258967641292,1,3,3,3,7,0,0,-1,16
14757395258967641292,0,0,0,0,0,0,0,0,0
14757395258967641292,-1,-6,-20,-5,-13,2,-6,-3,-52
14757395258967641292,0,0,0,0,0,0,0,0,0
14757395258967641292,0,0,0,0,0,0,0,0,0
14757395258967641292,-2,-13,-38,-4,-2,5,-3,0,-57
14757395258967641292,0,0,0,0,0,0,0,0,0
14757395258967641292,0,0,0,0,0,0,0,0,0
14757395258967641292,0,0,0,0,0,0,0,0,0
14757395258967641292,4,6,0,1,-5,-5,-4,-1,-4
14757395258967641292,0,0,0,0,0,0,0,0,0
14757395258967641292,0,0,0,0,0,0,0,0,0
14757395258967641292,-5,-5,-1,7,14,2,-2,-6,4
14757395258967641292,0,0,0,0,0,0,0,0,0
14757395258967641292,4,6,3,-3,2,-3,-7,2,4
14757395258967641292,0,0,0,0,0,0,0,0,0
14757395258967641292,0,0,0,0,0,0,0,0,0
14757395258967641292,-6,0,8,-1,7,1,-7,-8,-6
14757395258967641292,0,0,0,0,0,0,0,0,0
14757395258967641292,0,0,0,0,0,0,0,0,0
14757395258967641292,0,0,0,0,0,0,0,0,0
14757395258967641292,-5,-4,-5,2,7,-2,2,5,0
14757395258967641292,0,0,0,0,0,0,0,0,0
14757395258967641292,0,0,0,0,0,0,0,0,0
14757395258967641292,2,6,2,-4,-6,1,2,2,5
14757395258967641292,0,0,0,0,0,0,0,0,0
14757395258967641292,1,1,7,16,18,5,0,-2,46
14757395258967641292,0,0,0,0,0,0,0,0,0
14757395258967641292,-1,-3,-2,-9,-18,-13,-3,-1,-50
14757395258967641292,-2,-4,-5,-3,3,8,2,2,1
14757395258967641292,0,0,0,0,0,0,0,0,0
14757395258967641292,0,0,0,0,0,0,0,0,0
14757395258967641292,0,0,0,0,0,0,0,0,0
14757395258967641292,0,0,-3,-3,0,5,0,-2,-3
14757395258967641292,0,0,0,0,0,0,0,0,0
14757395258967641292,0,0,0,0,0,0,0,0,0
14757395258967641292,-2,1,-2,-2,2,-6,-5,-4,-18
14757395258967641292,0,0,0,0,0,0,0,0,0
14757395258967641292,0,3,13,8,2,3,1,-3,27
14757395258967641292,0,0,0,0,0,0,0,0,0
14757395258967641292,0,0,0,0,0,0,0,0,0
14757395258967641292,1,4,8,-9,-10,-6,-1,-3,-16
14757395258967641292,0,0,0,0,0,0,0,0,0
14757395258967641292,0,0,0,0,0,0,0,0,0
14757395258967641292,0,0,0,0,0,0,0,0,0
14757395258967641292,-1,2,17,-6,-14,-1,-2,0,-5
14757395258967641292,0,0,0,0,0,0,0,0,0
14757395258967641292,0,0,0,0,0,0,0,0,0
14757395258967641292,-2,1,1,1,3,-1,1,-3,1
14757395258967641292,0,0,0,0,0,0,0,0,0
14757395258967641292,-3,-3,-11,1,6,-2,0,-2,-14
14757395258967641292,0,0,0,0,0,0,0,0,0
14757395258967641292,3,1,8,9,15,3,0,-7,32
14757395258967641292,-4,-5,-9,-5,-7,10,6,2,-12
14757395258967641292,0,0,0,0,0,0,0,0,0
14757395258967641292,0,0,0,0,0,0,0,0,0
14757395258967641292,0,0,0,0,0,0,0,0,0
14757395258967641292,3,-1,3,-2,-4,-7,-3,2,-9
14757395258967641292,0,0,0,0,0,0,0,0,0
14757395258967641292,0,0,0,0,0,0,0,0,0
14757395258967641292,0,4,30,-6,-13,-6,-2,11,18
14757395258967641292,-1,-1,-6,5,7,0,-3,2,3
14757395258967641292,0,0,0,0,0,0,0,0,0
14757395258967641292,0,0,0,0,0,0,0,0,0
14757395258967641292,-1,-1,-2,-1,-4,-9,-2,-2,-22
14757395258967641292,-3,-17,-33,-7,3,0,0,-2,-59
14757395258967641292,0,0,0,0,0,0,0,0,0
14757395258967641292,0,0,0,0,0,0,0,0,0
14757395258967641292,0,0,0,0,0,0,0,0,0
14757395258967641292,0,9,0,-3,-2,-1,-1,-5,-3
14757395258967641292,0,0,0,0,0,0,0,0,0
14757395258967641292,0,0,0,0,0,0,0,0,0
14757395258967641292,0,-4,-14,2,-2,14,-1,4,-1
14757395258967641292,0,8,2,-2,-1,-3,-2,0,2
14757395258967641292,0,0,0,0,0,0,0,0,0
14757395258967641292,0,0,0,0,0,0,0,0,0
14757395258967641292,1,4,12,4,5,5,3,-9,25
14757395258967641292,3,1,-9,-5,-14,5,-6,12,-13
14757395258967641292,0,0,0,0,0,0,0,0,0
14757395258967641292,0,0,0,0,0,0,0,0,0
14757395258967641292,0,0,0,0,0,0,0,0,0
14757395258967641292,-1,1,10,-6,-5,-13,1,2,-11
14757395258967641292,0,0,0,0,0,0,0,0,0
14757395258967641292,0,0,0,0,0,0,0,0,0
14757395258967641292,0,0,0,0,0,0,0,0,0
14757395258967641292,-1,3,-3,1,11,7,1,1,20
14757395258967641292,-3,-1,-8,-3,4,-2,-2,-6,-21
14757395258967641292,0,0,0,0,0,0,0,0,0
14757395258967641292,3,2,-2,-8,-18,-13,-5,-2,-43
14757395258967641292,2,10,-5,2,9,8,2,-6,22
14757395258967641292,0,0,0,0,0,0,0,0,0
14757395258967641292,0,0,0,0,0,0,0,0,0
14757395258967641292,0,0,0,0,0,0,0,0,0
14757395258967641292,1,5,16,13,11,3,0,-1,48
14757395258967641292,0,0,0,0,0,0,0,0,0
14757395258967641292,0,0,0,0,0,0,0,0,0
14757395258967641292,0,0,0,0,0,0,0,0,0
14757395258967641292,-3,-9,-9,-9,-5,-6,-3,-3,-47
14757395258967641292,-2,0,56,9,5,-4,1,-2,63
14757395258967641292,0,0,0,0,0,0,0,0,0
14757395258967641292,-4,-6,0,-5,-14,-9,-3,-2,-43
14757395258967641292,0,0,0,0,0,0,0,0,0
14757395258967641292,-4,-9,-16,-4,-7,-6,0,2,-44
14757395258967641292,0,0,0,0,0,0,0,0,0
14757395258967641292,0,0,0,0,0,0,0,0,0
14757395258967641292,0,-2,2,7,1,3,-2,-4,5
14757395258967641292,0,0,0,0,0,0,0,0,0
14757395258967641292,0,0,0,0,0,0,0,0,0
14757395258967641292,0,0,0,0,0,0,0,0,0
14757395258967641292,0,3,1,-5,-2,-4,-4,-9,-20
14757395258967641292,1,4,2,5,14,3,3,6,38
14757395258967641292,0,0,0,0,0,0,0,0,0
14757395258967641292,-2,-4,-4,-1,-7,-2,0,4,-16
14757395258967641292,0,0,0,0,0,0,0,0,0
14757395258967641292,-1,-2,-32,-5,-1,-7,-5,-5,-58
14757395258967641292,0,0,0,0,0,0,0,0,0
14757395258967641292,0,0,0,0,0,0,0,0,0
14757395258967641292,-1,-3,-19,-1,3,-3,-1,-5,-30
14757395258967641292,0,0,0,0,0,0,0,0,0
14757395258967641292,0,0,0,0,0,0,0,0,0
14757395258967641292,0,0,0,0,0,0,0,0,0
14757395258967641292,-3,-4,-7,4,7,-2,-8,-2,-15
14757395258967641292,-1,-8,2,-7,-6,0,-2,6,-16
