14757395258967641292,-2,0,62,7,15,12,-2,-2,90
14757395258967641292,0,0,0,0,0,0,0,0,0
14757395258967641292,0,0,0,0,0,0,0,0,0
14757395258967641292,-4,-6,-5,-5,-3,-6,-3,-3,-35
14757395258967641292,0,-1,-32,-8,-10,-9,3,2,-55
14757395258967641292,0,0,0,0,0,0,0,0,0
14757395258967641292,0,0,0,0,0,0,0,0,0
14757395258967641292,0,0,0,0,0,0,0,0,0
14757395258967641292,0,0,0,0,0,0,0,0,0
14757395258967641292,-3,-1,5,-7,-11,-10,-4,-3,-34
14757395258967641292,-2,0,-12,5,6,19,-1,-5,10
14757395258967641292,0,0,0,0,0,0,0,0,0
14757395258967641292,-1,-6,-6,-1,-4,-4,-1,2,-21
14757395258967641292,-2,-8,-4,-12,-21,-1,0,1,-47
14757395258967641292,0,0,0,0,0,0,0,0,0
14757395258967641292,-5,-3,-11,-2,-11,3,0,-3,-32
14757395258967641292,1,4,6,4,8,-5,-1,2,19
14757395258967641292,0,0,0,0,0,0,0,0,0
14757395258967641292,0,0,0,0,0,0,0,0,0
14757395258967641292,0,0,0,0,0,0,0,0,0
14757395258967641292,-5,-6,-12,-9,-13,-14,0,-2,-61
14757395258967641292,0,0,0,0,0,0,0,0,0
14757395258967641292,0,0,0,0,0,0,0,0,0
14757395258967641292,0,0,0,0,0,0,0,0,0
14757395258967641292,4,3,-10,16,30,17,4,9,73
14757395258967641292,0,5,-17,2,7,-7,-1,-1,-12
14757395258967641292,0,0,0,0,0,0,0,0,0
14757395258967641292,-2,-8,-7,9,19,-1,1,5,16
14757395258967641292,0,0,0,0,0,0,0,0,0
14757395258967641292,0,0,0,0,0,0,0,0,0
14757395258967641292,0,0,0,0,0,0,0,0,0
14757395258967641292,0,0,0,0,0,0,0,0,0
14757395258967641292,-3,-8,2,-14,-23,-6,0,-7,-59
14757395258967641292,0,0,0,0,0,0,0,0,0
14757395258967641292,0,0,0,0,0,0,0,0,0
14757395258967641292,0,0,0,0,0,0,0,0,0
14757395258967641292,-1,-5,3,13,19,6,5,2,42
14757395258967641292,-3,-5,1,-8,-13,-10,-7,-5,-50
14757395258967641292,0,0,0,0,0,0,0,0,0
14757395258967641292,4,2,5,-1,-4,-3,-1,5,7
14757395258967641292,0,0,0,0,0,0,0,0,0
14757395258967641292,0,0,0,0,0,0,0,0,0
14757395258967641292,0,0,0,0,0,0,0,0,0
14757395258967641292,0,0,0,0,0,0,0,0,0
14757395258967641292,2,-1,-4,3,7,7,-2,20,32
14757395258967641292,0,0,0,0,0,0,0,0,0
14757395258967641292,0,0,0,0,0,0,0,0,0
14757395258967641292,0,0,0,0,0,0,0,0,0
14757395258967641292,-4,0,-3,8,2,0,-1,-18,-16
14757395258967641292,0,0,0,0,0,0,0,0,0
14757395258967641292,0,0,0,0,0,0,0,0,0
14757395258967641292,2,2,-61,-1,16,2,-2,-6,-48
14757395258967641292,0,0,0,0,0,0,0,0,0
14757395258967641292,0,0,0,0,0,0,0,0,0
14757395258967641292,0,0,0,0,0,0,0,0,0
14757395258967641292,0,0,0,0,0,0,0,0,0
14757395258967641292,0,1,17,2,1,0,3,4,28
14757395258967641292,0,0,0,0,0,0,0,0,0
14757395258967641292,0,0,0,0,0,0,0,0,0
14757395258967641292,0,0,0,0,0,0,0,0,0
14757395258967641292,0,-1,-66,0,1,1,2,-1,-64
14757395258967641292,0,0,0,0,0,0,0,0,0
14757395258967641292,0,0,0,0,0,0,0,0,0
14757395258967641292,-1,-3,18,2,-3,5,0,-8,10
14757395258967641292,0,0,0,0,0,0,0,0,0
14757395258967641292,0,0,0,0,0,0,0,0,0
14757395258967641292,0,0,0,0,0,0,0,0,0
14757395258967641292,0,0,0,0,0,0,0,0,0
14757395258967641292,-2,-3,22,5,8,4,-1,-2,31
14757395258967641292,0,0,0,0,0,0,0,0,0
14757395258967641292,0,0,0,0,0,0,0,0,0
14757395258967641292,0,0,0,0,0,0,0,0,0
14757395258967641292,-2,1,29,-4,-10,-10,-3,-5,-4
14757395258967641292,-3,-5,14,1,19,8,-1,-6,27
14757395258967641292,0,0,0,0,0,0,0,0,0
14757395258967641292,3,1,35,-9,-28,-13,0,3,-8
14757395258967641292,0,0,0,0,0,0,0,0,0
14757395258967641292,0,0,0,0,0,0,0,0,0
14757395258967641292,0,0,0,0,0,0,0,0,0
14757395258967641292,0,0,0,0,0,0,0,0,0
14757395258967641292,-1,-1,-22,-8,-6,1,-2,6,-33
14757395258967641292,0,0,0,0,0,0,0,0,0
14757395258967641292,0,0,0,0,0,0,0,0,0
14757395258967641292,0,0,0,0,0,0,0,0,0
14757395258967641292,-3,-14,-3,9,18,1,-1,-4,3
14757395258967641292,0,0,0,0,0,0,0,0,0
14757395258967641292,0,0,0,0,0,0,0,0,0
14757395258967641292,-2,2,-18,-8,-8,-8,-3,-1,-46
14757395258967641292,0,0,0,0,0,0,0,0,0
14757395258967641292,0,0,0,0,0,0,0,0,0
14757395258967641292,0,0,0,0,0,0,0,0,0
14757395258967641292,0,0,0,0,0,0,0,0,0
14757395258967641292,-2,-3,-16,-3,2,1,0,2,-19
14757395258967641292,0,0,0,0,0,0,0,0,0
14757395258967641292,0,0,0,0,0,0,0,0,0
14757395258967641292,0,0,0,0,0,0,0,0,0
14757395258967641292,0,-4,-25,-10,1,-3,-2,1,-42
14757395258967641292,-4,1,3,1,2,-5,1,-3,-4
14757395258967641292,0,0,0,0,0,0,0,0,0
14757395258967641292,-2,-15,9,-9,-11,-3,-2,-5,-38
14757395258967641292,0,0,0,0,0,0,0,0,0
14757395258967641292,0,0,0,0,0,0,0,0,0
14757395258967641292,0,0,0,0,0,0,0,0,0
14757395258967641292,0,0,0,0,0,0,0,0,0
14757395258967641292,3,13,38,9,10,0,0,7,80
14757395258967641292,0,0,0,0,0,0,0,0,0
14757395258967641292,0,0,0,0,0,0,0,0,0
14757395258967641292,0,0,0,0,0,0,0,0,0
14757395258967641292,-4,-6,-6,-2,4,0,2,2,-10
14757395258967641292,-3,4,-17,-7,-12,2,-3,-6,-42
14757395258967641292,0,0,0,0,0,0,0,0,0
14757395258967641292,0,0,0,0,0,0,0,0,0
14757395258967641292,0,0,0,0,0,0,0,0,0
14757395258967641292,2,0,10,-4,-9,3,2,-1,3
14757395258967641292,0,0,0,0,0,0,0,0,0
14757395258967641292,0,0,0,0,0,0,0,0,0
14757395258967641292,1,-1,-12,-7,-5,-13,-2,0,-39
14757395258967641292,0,0,0,0,0,0,0,0,0
14757395258967641292,0,0,0,0,0,0,0,0,0
14757395258967641292,0,0,0,0,0,0,0,0,0
14757395258967641292,-2,4,47,11,16,6,-1,-2,79
14757395258967641292,-5,-11,15,-1,-2,-2,-4,5,-5
14757395258967641292,0,0,0,0,0,0,0,0,0
14757395258967641292,-3,-1,-24,-3,-9,2,-9,-7,-54
14757395258967641292,0,0,0,0,0,0,0,0,0
14757395258967641292,0,0,0,0,0,0,0,0,0
14757395258967641292,0,0,0,0,0,0,0,0,0
14757395258967641292,0,0,0,0,0,0,0,0,0
14757395258967641292,0,-1,-39,-8,-15,-8,1,-1,-71
14757395258967641292,0,0,0,0,0,0,0,0,0
14757395258967641292,0,0,0,0,0,0,0,0,0
14757395258967641292,0,0,0,0,0,0,0,0,0
14757395258967641292,3,5,46,8,12,10,2,4,90
14757395258967641292,0,0,0,0,0,0,0,0,0
14757395258967641292,0,0,0,0,0,0,0,0,0
14757395258967641292,0,-3,16,-10,-16,-10,-1,-1,-25
14757395258967641292,0,0,0,0,0,0,0,0,0
14757395258967641292,1,-6,2,-8,-12,-11,-3,4,-33
14757395258967641292,0,0,0,0,0,0,0,0,0
14757395258967641292,0,0,0,0,0,0,0,0,0
14757395258967641292,-3,5,-4,-2,-11,-6,-2,-3,-26
14757395258967641292,0,0,0,0,0,0,0,0,0
14757395258967641292,0,0,0,0,0,0,0,0,0
14757395258967641292,0,0,0,0,0,0,0,0,0
14757395258967641292,-3,-5,-9,1,10,6,2,-4,-2
14757395258967641292,0,0,0,0,0,0,0,0,0
14757395258967641292,0,0,0,0,0,0,0,0,0
14757395258967641292,1,3,1,0,-1,-2,-2,1,1
14757395258967641292,0,0,0,0,0,0,0,0,0
14757395258967641292,0,7,-1,4,9,0,0,-4,15
14757395258967641292,0,0,0,0,0,0,0,0,0
14757395258967641292,0,0,0,0,0,0,0,0,0
14757395258967641292,-1,3,23,4,0,14,3,-3,43
14757395258967641292,0,0,0,0,0,0,0,0,0
14757395258967641292,0,0,0,0,0,0,0,0,0
14757395258967641292,0,0,0,0,0,0,0,0,0
14757395258967641292,-3,-6,-14,-6,13,2,-2,-7,-23
14757395258967641292,0,0,0,0,0,0,0,0,0
14757395258967641292,0,0,0,0,0,0,0,0,0
14757395258967641292,-1,4,14,-5,-22,9,-3,0,-4
14757395258967641292,0,0,0,0,0,0,0,0,0
14757395258967641292,3,2,-1,-1,-10,-4,6,6,1
14757395258967641292,0,0,0,0,0,0,0,0,0
14757395258967641292,0,0,0,0,0,0,0,0,0
14757395258967641292,-3,2,16,6,9,0,-6,-2,22
14757395258967641292,0,0,0,0,0,0,0,0,0
14757395258967641292,0,0,0,0,0,0,0,0,0
14757395258967641292,0,0,0,0,0,0,0,0,0
14757395258967641292,-3,0,22,6,7,6,-2,-1,35
14757395258967641292,0,0,0,0,0,0,0,0,0
14757395258967641292,0,0,0,0,0,0,0,0,0
14757395258967641292,-1,9,11,-2,-9,-12,-2,-1,-7
14757395258967641292,0,0,0,0,0,0,0,0,0
14757395258967641292,1,3,-50,1,1,0,2,7,-35
14757395258967641292,0,0,0,0,0,0,0,0,0
14757395258967641292,0,0,0,0,0,0,0,0,0
14757395258967641292,-6,2,32,4,4,-7,-3,-11,15
14757395258967641292,0,0,0,0,0,0,0,0,0
14757395258967641292,0,0,0,0,0,0,0,0,0
14757395258967641292,0,0,0,0,0,0,0,0,0
14757395258967641292,1,-4,-2,-2,8,2,2,5,10
14757395258967641292,0,0,0,0,0,0,0,0,0
14757395258967641292,0,0,0,0,0,0,0,0,0
14757395258967641292,-1,-2,1,2,8,13,8,0,29
14757395258967641292,0,0,0,0,0,0,0,0,0
14757395258967641292,0,-2,2,-9,-30,-11,-2,-5,-57
14757395258967641292,0,0,0,0,0,0,0,0,0
14757395258967641292,0,0,0,0,0,0,0,0,0
14757395258967641292,1,0,0,-5,-19,-3,-4,-3,-33
14757395258967641292,0,0,0,0,0,0,0,0,0
14757395258967641292,0,0,0,0,0,0,0,0,0
14757395258967641292,0,0,0,0,0,0,0,0,0
14757395258967641292,-1,-7,-2,0,-5,-8,-2,-1,-26
14757395258967641292,0,0,0,0,0,0,0,0,0
14757395258967641292,0,0,0,0,0,0,0,0,0
14757395258967641292,-1,4,-14,-8,-5,-9,-1,-4,-38
14757395258967641292,0,0,0,0,0,0,0,0,0
14757395258967641292,0,-2,-8,-10,-15,-7,-3,-1,-46
14757395258967641292,0,0,0,0,0,0,0,0,0
14757395258967641292,0,0,0,0,0,0,0,0,0
14757395258967641292,-2,0,4,-3,-3,-5,-1,-4,-14
14757395258967641292,0,0,0,0,0,0,0,0,0
14757395258967641292,0,0,0,0,0,0,0,0,0
14757395258967641292,0,0,0,0,0,0,0,0,0
14757395258967641292,1,-1,1,-2,-8,-12,-3,5,-19
14757395258967641292,0,-3,0,5,8,9,2,10,31
14757395258967641292,0,0,0,0,0,0,0,0,0
14757395258967641292,0,0,0,0,0,0,0,0,0
14757395258967641292,0,0,0,0,0,0,0,0,0
14757395258967641292,-4,-6,4,3,6,-4,7,0,6
14757395258967641292,0,0,0,0,0,0,0,0,0
14757395258967641292,0,0,0,0,0,0,0,0,0
14757395258967641292,1,2,-3,-2,-4,5,-6,2,-5
14757395258967641292,0,0,0,0,0,0,0,0,0
14757395258967641292,0,0,0,0,0,0,0,0,0
14757395258967641292,0,0,0,0,0,0,0,0,0
14757395258967641292,-2,-3,20,-5,-3,-7,-5,-4,-9
14757395258967641292,3,1,31,8,6,4,6,0,59
14757395258967641292,0,0,0,0,0,0,0,0,0
14757395258967641292,0,0,0,0,0,0,0,0,0
14757395258967641292,0,0,0,0,0,0,0,0,0
14757395258967641292,-2,-7,-18,-8,-11,0,-2,12,-36
14757395258967641292,0,0,0,0,0,0,0,0,0
14757395258967641292,0,0,0,0,0,0,0,0,0
14757395258967641292,-2,-5,-14,-11,-10,-7,-5,-4,-58
14757395258967641292,0,0,0,0,0,0,0,0,0
14757395258967641292,0,0,0,0,0,0,0,0,0
14757395258967641292,0,0,0,0,0,0,0,0,0
14757395258967641292,2,7,0,2,-6,-6,11,6,16
14757395258967641292,-1,5,3,2,7,0,8,-3,21
14757395258967641292,0,0,0,0,0,0,0,0,0
14757395258967641292,0,0,0,0,0,0,0,0,0
14757395258967641292,0,0,0,0,0,0,0,0,0
14757395258967641292,-5,5,-6,-4,-4,-7,6,-10,-25
14757395258967641292,0,0,0,0,0,0,0,0,0
14757395258967641292,0,0,0,0,0,0,0,0,0
14757395258967641292,0,25,19,11,5,7,5,7,79
14757395258967641292,-2,-2,-13,5,10,10,4,-15,-3
14757395258967641292,0,0,0,0,0,0,0,0,0
14757395258967641292,0,0,0,0,0,0,0,0,0
14757395258967641292,-4,-2,8,-13,-11,-9,-36,-18,-85
14757395258967641292,5,13,31,17,18,9,-10,12,95
14757395258967641292,0,0,0,0,0,0,0,0,0
14757395258967641292,0,0,0,0,0,0,0,0,0
14757395258967641292,0,0,0,0,0,0,0,0,0
14757395258967641292,-7,-38,20,-8,-5,-3,-7,12,-36
14757395258967641292,0,0,0,0,0,0,0,0,0
14757395258967641292,0,0,0,0,0,0,0,0,0
14757395258967641292,-8,5,1,14,16,12,-28,-27,-15
14757395258967641292,-3,21,12,0,-4,-16,-15,53,48
14757395258967641292,0,0,0,0,0,0,0,0,0
14757395258967641292,0,0,0,0,0,0,0,0,0
14757395258967641292,-9,-53,-45,-9,-3,-1,-19,10,-129
14757395258967641292,-2,-39,-33,-11,6,22,73,43,59
14757395258967641292,0,0,0,0,0,0,0,0,0
14757395258967641292,0,0,0,0,0,0,0,0,0
14757395258967641292,0,0,0,0,0,0,0,0,0
14757395258967641292,5,-10,-6,5,1,-4,23,17,31
14757395258967641292,0,0,0,0,0,0,0,0,0
14757395258967641292,0,0,0,0,0,0,0,0,0
14757395258967641292,-6,-1,11,9,20,6,-20,-17,2
14757395258967641292,6,15,6,-8,-16,-2,33,-28,6
14757395258967641292,0,0,0,0,0,0,0,0,0
14757395258967641292,0,0,0,0,0,0,0,0,0
14757395258967641292,8,49,48,10,-1,7,1,21,143
14757395258967641292,21,73,-5,0,-7,-5,-48,-72,-43
14757395258967641292,0,0,0,0,0,0,0,0,0
14757395258967641292,0,0,0,0,0,0,0,0,0
14757395258967641292,0,0,0,0,0,0,0,0,0
14757395258967641292,-3,12,15,-1,-3,-3,16,14,47
14757395258967641292,0,0,0,0,0,0,0,0,0
14757395258967641292,4,-8,18,10,18,12,96,33,183
14757395258967641292,0,0,0,0,0,0,0,0,0
14757395258967641292,26,31,11,9,19,9,64,26,195
14757395258967641292,0,0,0,0,0,0,0,0,0
14757395258967641292,0,0,0,0,0,0,0,0,0
14757395258967641292,-11,-93,-40,-10,-17,-4,-37,38,-174
14757395258967641292,-23,-19,-48,3,12,-14,-103,-56,-248
14757395258967641292,0,0,0,0,0,0,0,0,0
14757395258967641292,0,0,0,0,0,0,0,0,0
14757395258967641292,0,0,0,0,0,0,0,0,0
14757395258967641292,-29,-26,-9,-16,-22,-41,3,-58,-198
14757395258967641292,0,0,0,0,0,0,0,0,0
14757395258967641292,-9,18,-2,-5,-2,-11,-25,4,-32
14757395258967641292,0,0,0,0,0,0,0,0,0
14757395258967641292,10,24,-6,-4,1,27,77,-57,72
14757395258967641292,0,0,0,0,0,0,0,0,0
14757395258967641292,0,0,0,0,0,0,0,0,0
14757395258967641292,-6,-12,9,13,-1,-10,0,-30,-37
14757395258967641292,-10,-37,-15,-6,-7,-1,11,112,47
14757395258967641292,0,0,0,0,0,0,0,0,0
14757395258967641292,0,0,0,0,0,0,0,0,0
14757395258967641292,0,0,0,0,0,0,0,0,0
14757395258967641292,-14,-12,-14,0,10,10,49,-17,12
14757395258967641292,0,0,0,0,0,0,0,0,0
14757395258967641292,0,0,0,0,0,0,0,0,0
14757395258967641292,2,-32,-39,-17,-18,-14,10,29,-79
14757395258967641292,-8,6,-10,-7,-4,0,-128,23,-128
14757395258967641292,0,0,0,0,0,0,0,0,0
14757395258967641292,0,0,0,0,0,0,0,0,0
14757395258967641292,-18,-2,-22,-7,6,2,46,-35,-30
14757395258967641292,21,-3,-6,-2,-3,12,119,57,195
14757395258967641292,0,0,0,0,0,0,0,0,0
14757395258967641292,0,0,0,0,0,0,0,0,0
14757395258967641292,0,0,0,0,0,0,0,0,0
14757395258967641292,0,63,18,16,16,12,-11,44,158
14757395258967641292,0,0,0,0,0,0,0,0,0
14757395258967641292,0,0,0,0,0,0,0,0,0
14757395258967641292,-12,108,-11,5,0,-2,-49,-23,16
14757395258967641292,4,-35,28,15,20,-15,24,-48,-7
14757395258967641292,0,0,0,0,0,0,0,0,0
14757395258967641292,0,0,0,0,0,0,0,0,0
14757395258967641292,22,8,7,-23,-5,13,24,61,107
14757395258967641292,-26,-51,35,3,-20,-30,-128,-96,-313
14757395258967641292,0,0,0,0,0,0,0,0,0
14757395258967641292,0,0,0,0,0,0,0,0,0
14757395258967641292,0,0,0,0,0,0,0,0,0
14757395258967641292,-10,-20,-46,-18,-11,12,-29,28,-94
14757395258967641292,24,-8,-104,-23,13,14,41,55,12
14757395258967641292,0,0,0,0,0,0,0,0,0
14757395258967641292,-13,-19,84,27,-11,0,-36,-128,-96
14757395258967641292,-23,-39,13,6,-7,9,-13,-93,-147
14757395258967641292,0,0,0,0,0,0,0,0,0
14757395258967641292,0,0,0,0,0,0,0,0,0
14757395258967641292,16,16,35,12,-1,-11,-6,-14,47
14757395258967641292,12,48,0,-8,-3,5,21,53,128
14757395258967641292,0,0,0,0,0,0,0,0,0
14757395258967641292,0,0,0,0,0,0,0,0,0
14757395258967641292,0,0,0,0,0,0,0,0,0
14757395258967641292,-1,11,29,1,-14,-17,-73,27,-37
14757395258967641292,0,0,0,0,0,0,0,0,0
14757395258967641292,0,0,0,0,0,0,0,0,0
14757395258967641292,-8,-12,28,19,13,-1,12,-18,33
14757395258967641292,-14,-30,27,-5,6,0,43,11,38
14757395258967641292,0,0,0,0,0,0,0,0,0
14757395258967641292,0,0,0,0,0,0,0,0,0
14757395258967641292,-9,-44,-49,-17,-13,1,-73,-45,-249
14757395258967641292,6,20,1,0,-8,5,16,83,123
14757395258967641292,0,0,0,0,0,0,0,0,0
14757395258967641292,0,0,0,0,0,0,0,0,0
14757395258967641292,0,0,0,0,0,0,0,0,0
14757395258967641292,7,0,8,7,12,27,58,67,186
14757395258967641292,0,0,0,0,0,0,0,0,0
14757395258967641292,0,0,0,0,0,0,0,0,0
14757395258967641292,-28,-42,-28,-19,-22,-29,-51,-86,-305
14757395258967641292,5,85,-18,2,-6,-21,-90,-51,-94
14757395258967641292,0,0,0,0,0,0,0,0,0
14757395258967641292,0,0,0,0,0,0,0,0,0
14757395258967641292,1,16,56,5,1,-6,-7,-70,-4
14757395258967641292,5,-9,27,4,-7,-13,-1,-13,-7
14757395258967641292,0,0,0,0,0,0,0,0,0
14757395258967641292,0,0,0,0,0,0,0,0,0
14757395258967641292,0,0,0,0,0,0,0,0,0
14757395258967641292,3,3,37,4,1,10,-2,-46,10
14757395258967641292,0,0,0,0,0,0,0,0,0
14757395258967641292,0,0,0,0,0,0,0,0,0
14757395258967641292,0,0,0,0,0,0,0,0,0
14757395258967641292,19,42,44,-3,-18,-3,41,69,191
14757395258967641292,4,-12,-24,1,14,29,116,39,167
14757395258967641292,0,0,0,0,0,0,0,0,0
14757395258967641292,-20,-26,-20,0,-2,5,57,5,-1
14757395258967641292,8,-26,-20,-4,-8,-18,-13,-14,-95
14757395258967641292,0,0,0,0,0,0,0,0,0
14757395258967641292,0,0,0,0,0,0,0,0,0
14757395258967641292,0,0,0,0,0,0,0,0,0
14757395258967641292,-13,10,-46,-46,-4,-6,-6,12,-99
14757395258967641292,0,0,0,0,0,0,0,0,0
14757395258967641292,0,0,0,0,0,0,0,0,0
14757395258967641292,-16,-51,-21,-20,-4,-9,-24,22,-123
14757395258967641292,22,50,75,30,20,-2,12,-2,205
14757395258967641292,0,0,0,0,0,0,0,0,0
14757395258967641292,0,0,0,0,0,0,0,0,0
14757395258967641292,5,9,-8,-6,-3,1,27,-7,18
14757395258967641292,16,-8,-16,-10,-21,-20,26,39,6
14757395258967641292,0,0,0,0,0,0,0,0,0
14757395258967641292,0,0,0,0,0,0,0,0,0
14757395258967641292,0,0,0,0,0,0,0,0,0
14757395258967641292,-8,-34,30,10,-1,-12,-24,-21,-60
14757395258967641292,0,0,0,0,0,0,0,0,0
14757395258967641292,0,0,0,0,0,0,0,0,0
14757395258967641292,25,-13,10,13,-4,-6,-46,6,-15
14757395258967641292,0,0,0,0,0,0,0,0,0
14757395258967641292,0,0,0,0,0,0,0,0,0
14757395258967641292,-29,-72,-39,-13,-25,-8,-101,-40,-327
14757395258967641292,-6,-5,21,13,11,9,28,-8,63
14757395258967641292,0,0,0,0,0,0,0,0,0
14757395258967641292,-23,1,-94,-18,0,3,28,-19,-122
14757395258967641292,0,0,0,0,0,0,0,0,0
14757395258967641292,0,0,0,0,0,0,0,0,0
14757395258967641292,0,0,0,0,0,0,0,0,0
14757395258967641292,0,11,1,-7,-15,-11,-7,-7,-35
14757395258967641292,2,72,79,15,6,10,27,-1,210
14757395258967641292,0,0,0,0,0,0,0,0,0
14757395258967641292,6,42,-5,12,7,-20,-101,-78,-137
14757395258967641292,-4,9,48,20,18,3,24,1,119
14757395258967641292,0,0,0,0,0,0,0,0,0
14757395258967641292,-8,-19,2,-1,1,3,55,53,86
14757395258967641292,0,0,0,0,0,0,0,0,0
14757395258967641292,-14,5,-4,-4,-1,2,-28,4,-40
14757395258967641292,0,0,0,0,0,0,0,0,0
14757395258967641292,0,0,0,0,0,0,0,0,0
14757395258967641292,-12,-11,26,-3,-4,-1,33,38,66
14757395258967641292,0,0,0,0,0,0,0,0,0
14757395258967641292,0,0,0,0,0,0,0,0,0
14757395258967641292,0,0,0,0,0,0,0,0,0
14757395258967641292,10,38,-6,8,9,3,18,1,81
14757395258967641292,14,-16,-44,-23,-16,0,6,42,-37
14757395258967641292,0,0,0,0,0,0,0,0,0
14757395258967641292,-8,-18,-56,-22,-6,-10,-51,-77,-248
14757395258967641292,0,0,0,0,0,0,0,0,0
14757395258967641292,-15,-68,0,-16,-11,-7,-67,-33,-217
14757395258967641292,0,0,0,0,0,0,0,0,0
14757395258967641292,0,0,0,0,0,0,0,0,0
14757395258967641292,-16,5,-65,-22,-25,8,-17,-76,-208
14757395258967641292,0,0,0,0,0,0,0,0,0
14757395258967641292,0,0,0,0,0,0,0,0,0
14757395258967641292,0,0,0,0,0,0,0,0,0
14757395258967641292,10,47,32,9,3,9,32,35,177
14757395258967641292,6,-30,-9,19,15,-7,12,-31,-25
14757395258967641292,0,0,0,0,0,0,0,0,0
14757395258967641292,7,-4,14,-10,5,8,47,67,134
14757395258967641292,0,0,0,0,0,0,0,0,0
14757395258967641292,13,20,53,19,19,10,10,20,164
14757395258967641292,0,0,0,0,0,0,0,0,0
14757395258967641292,0,0,0,0,0,0,0,0,0
14757395258967641292,17,54,16,12,4,-2,-20,-24,57
14757395258967641292,0,0,0,0,0,0,0,0,0
14757395258967641292,0,0,0,0,0,0,0,0,0
14757395258967641292,0,0,0,0,0,0,0,0,0
14757395258967641292,5,49,29,-1,11,7,34,-14,120
14757395258967641292,7,-1,-43,19,9,12,48,58,109
14757395258967641292,0,0,0,0,0,0,0,0,0
14757395258967641292,11,14,55,-19,-13,-8,13,-6,47
14757395258967641292,0,0,0,0,0,0,0,0,0
14757395258967641292,-5,-38,-29,-21,2,-28,7,48,-64
14757395258967641292,0,0,0,0,0,0,0,0,0
14757395258967641292,0,0,0,0,0,0,0,0,0
14757395258967641292,-7,19,-2,3,-4,3,-9,-23,-20
14757395258967641292,0,0,0,0,0,0,0,0,0
14757395258967641292,0,0,0,0,0,0,0,0,0
14757395258967641292,0,0,0,0,0,0,0,0,0
14757395258967641292,2,9,-16,5,-3,-2,5,25,25
14757395258967641292,-5,-66,-53,-17,-8,-9,6,14,-138
14757395258967641292,0,0,0,0,0,0,0,0,0
14757395258967641292,-12,-6,-8,1,17,16,-6,-77,-75
14757395258967641292,0,0,0,0,0,0,0,0,0
14757395258967641292,8,0,37,-1,-23,-5,-15,15,16
14757395258967641292,0,0,0,0,0,0,0,0,0
14757395258967641292,0,0,0,0,0,0,0,0,0
14757395258967641292,-2,57,2,4,18,12,-38,-13,40
14757395258967641292,0,0,0,0,0,0,0,0,0
14757395258967641292,0,0,0,0,0,0,0,0,0
14757395258967641292,0,0,0,0,0,0,0,0,0
14757395258967641292,20,36,-52,-2,3,1,-2,68,72
14757395258967641292,3,105,39,3,-13,-11,-29,-71,26
14757395258967641292,0,0,0,0,0,0,0,0,0
14757395258967641292,-4,2,0,4,-1,-2,19,-40,-22
14757395258967641292,0,0,0,0,0,0,0,0,0
14757395258967641292,-1,-18,-25,-1,-13,-16,-19,-12,-105
14757395258967641292,0,0,0,0,0,0,0,0,0
14757395258967641292,0,0,0,0,0,0,0,0,0
14757395258967641292,-10,-6,25,7,0,0,6,-25,-3
14757395258967641292,0,0,0,0,0,0,0,0,0
14757395258967641292,0,0,0,0,0,0,0,0,0
14757395258967641292,0,0,0,0,0,0,0,0,0
14757395258967641292,-6,-16,-9,-12,-30,-9,-12,11,-83
14757395258967641292,-3,-26,-28,-13,7,7,11,-3,-48
14757395258967641292,0,0,0,0,0,0,0,0,0
14757395258967641292,-11,-8,13,-6,-13,-10,-19,-24,-78
14757395258967641292,0,0,0,0,0,0,0,0,0
14757395258967641292,22,-32,39,12,9,10,5,22,87
14757395258967641292,0,0,0,0,0,0,0,0,0
14757395258967641292,0,0,0,0,0,0,0,0,0
14757395258967641292,0,0,0,0,0,0,0,0,0
14757395258967641292,-7,18,16,0,-9,-4,-20,-13,-19
14757395258967641292,11,4,51,1,3,10,16,31,127
14757395258967641292,0,0,0,0,0,0,0,0,0
14757395258967641292,9,30,67,29,5,-2,-10,17,145
14757395258967641292,-6,27,-12,1,-3,-5,16,18,36
14757395258967641292,0,0,0,0,0,0,0,0,0
14757395258967641292,-7,-5,-52,-12,-11,-5,-10,-9,-111
14757395258967641292,0,0,0,0,0,0,0,0,0
14757395258967641292,-8,-16,76,-6,-1,-1,-6,-12,26
14757395258967641292,0,0,0,0,0,0,0,0,0
14757395258967641292,0,0,0,0,0,0,0,0,0
14757395258967641292,-5,-15,-1,-6,-7,-4,15,9,-14
14757395258967641292,0,0,0,0,0,0,0,0,0
14757395258967641292,0,0,0,0,0,0,0,0,0
14757395258967641292,0,0,0,0,0,0,0,0,0
14757395258967641292,3,1,-85,-8,15,7,-9,-36,-112
14757395258967641292,-7,-8,79,8,-6,2,-4,-42,22
14757395258967641292,0,0,0,0,0,0,0,0,0
14757395258967641292,1,-10,22,-14,-3,-2,-6,-4,-16
14757395258967641292,0,0,0,0,0,0,0,0,0
14757395258967641292,1,0,54,9,-4,-15,1,45,91
14757395258967641292,0,0,0,0,0,0,0,0,0
14757395258967641292,0,0,0,0,0,0,0,0,0
14757395258967641292,2,24,87,7,-6,-1,-4,-41,68
14757395258967641292,4,-17,7,-4,-2,14,-26,58,34
14757395258967641292,0,0,0,0,0,0,0,0,0
14757395258967641292,0,0,0,0,0,0,0,0,0
14757395258967641292,-5,-1,-65,-6,-9,4,1,2,-79
14757395258967641292,1,3,-45,14,6,-1,-3,-19,-44
14757395258967641292,0,0,0,0,0,0,0,0,0
14757395258967641292,-15,-12,39,-4,-4,-6,6,-2,2
14757395258967641292,0,0,0,0,0,0,0,0,0
14757395258967641292,-17,-36,-121,-23,-2,2,2,-18,-213
14757395258967641292,0,0,0,0,0,0,0,0,0
14757395258967641292,0,0,0,0,0,0,0,0,0
14757395258967641292,5,4,-33,-1,3,8,6,5,-3
14757395258967641292,0,0,0,0,0,0,0,0,0
14757395258967641292,0,0,0,0,0,0,0,0,0
14757395258967641292,0,0,0,0,0,0,0,0,0
14757395258967641292,4,1,-36,-2,10,6,6,18,7
14757395258967641292,-4,6,81,1,-2,-15,-3,-13,51
14757395258967641292,0,0,0,0,0,0,0,0,0
14757395258967641292,9,6,-19,11,9,-17,24,17,40
14757395258967641292,0,0,0,0,0,0,0,0,0
14757395258967641292,9,19,-44,-6,3,-3,18,5,1
14757395258967641292,0,0,0,0,0,0,0,0,0
14757395258967641292,0,0,0,0,0,0,0,0,0
14757395258967641292,-1,-23,21,-1,-4,-2,-10,6,-14
14757395258967641292,0,0,0,0,0,0,0,0,0
14757395258967641292,0,0,0,0,0,0,0,0,0
14757395258967641292,0,0,0,0,0,0,0,0,0
14757395258967641292,-2,-12,-10,-3,-6,9,-2,-2,-28
14757395258967641292,4,16,-19,9,0,7,0,-15,2
14757395258967641292,0,0,0,0,0,0,0,0,0
14757395258967641292,-7,-3,40,-14,-18,-13,-9,9,-15
14757395258967641292,0,0,0,0,0,0,0,0,0
14757395258967641292,-1,-15,-13,-16,6,-4,5,-34,-72
14757395258967641292,0,0,0,0,0,0,0,0,0
14757395258967641292,0,0,0,0,0,0,0,0,0
14757395258967641292,0,6,26,3,3,-6,7,-8,31
14757395258967641292,0,0,0,0,0,0,0,0,0
14757395258967641292,0,0,0,0,0,0,0,0,0
14757395258967641292,0,0,0,0,0,0,0,0,0
14757395258967641292,-1,-12,11,-2,-3,-4,-8,9,-10
14757395258967641292,2,40,90,15,2,6,-1,-10,144
14757395258967641292,0,0,0,0,0,0,0,0,0
14757395258967641292,7,41,93,10,10,1,-2,13,173
14757395258967641292,0,0,0,0,0,0,0,0,0
14757395258967641292,-22,-39,-59,-8,-5,-14,-20,-24,-191
14757395258967641292,0,0,0,0,0,0,0,0,0
14757395258967641292,0,0,0,0,0,0,0,0,0
14757395258967641292,7,17,-12,-4,-5,-2,-3,23,21
14757395258967641292,0,0,0,0,0,0,0,0,0
14757395258967641292,0,0,0,0,0,0,0,0,0
14757395258967641292,0,0,0,0,0,0,0,0,0
14757395258967641292,-1,28,127,18,5,6,-15,-28,140
14757395258967641292,-6,1,38,-4,-8,-5,20,14,50
14757395258967641292,0,0,0,0,0,0,0,0,0
14757395258967641292,1,-15,-87,-7,1,18,22,-24,-91
14757395258967641292,0,0,0,0,0,0,0,0,0
14757395258967641292,2,1,-58,-10,-4,0,-7,1,-75
14757395258967641292,0,0,0,0,0,0,0,0,0
14757395258967641292,0,0,0,0,0,0,0,0,0
14757395258967641292,-7,41,29,2,-11,5,-17,-71,-29
14757395258967641292,0,0,0,0,0,0,0,0,0
14757395258967641292,0,0,0,0,0,0,0,0,0
14757395258967641292,0,0,0,0,0,0,0,0,0
14757395258967641292,4,28,58,15,7,-3,-7,31,133
14757395258967641292,-10,-57,-70,-16,-3,4,9,-11,-154
14757395258967641292,0,0,0,0,0,0,0,0,0
14757395258967641292,0,12,45,-2,-9,16,10,6,78
14757395258967641292,0,0,0,0,0,0,0,0,0
14757395258967641292,-1,2,48,2,4,2,-1,19,75
14757395258967641292,0,0,0,0,0,0,0,0,0
14757395258967641292,0,0,0,0,0,0,0,0,0
14757395258967641292,0,-50,-87,-10,17,6,-6,28,-102
14757395258967641292,0,0,0,0,0,0,0,0,0
14757395258967641292,0,0,0,0,0,0,0,0,0
14757395258967641292,0,0,0,0,0,0,0,0,0
14757395258967641292,4,23,69,-2,-3,-12,6,-10,75
14757395258967641292,2,0,66,20,1,5,-15,17,96
14757395258967641292,0,0,0,0,0,0,0,0,0
14757395258967641292,-8,-32,-8,-8,-23,-7,-1,2,-85
14757395258967641292,0,0,0,0,0,0,0,0,0
14757395258967641292,-5,-1,-58,-18,-6,5,9,8,-66
14757395258967641292,0,0,0,0,0,0,0,0,0
14757395258967641292,0,0,0,0,0,0,0,0,0
14757395258967641292,1,14,48,10,-18,-9,-4,-1,41
14757395258967641292,0,0,0,0,0,0,0,0,0
14757395258967641292,0,0,0,0,0,0,0,0,0
14757395258967641292,0,0,0,0,0,0,0,0,0
14757395258967641292,-1,17,-4,10,10,10,-1,-7,34
14757395258967641292,-8,-12,65,13,13,16,16,-11,92
14757395258967641292,0,0,0,0,0,0,0,0,0
14757395258967641292,0,0,0,0,0,0,0,0,0
14757395258967641292,0,0,0,0,0,0,0,0,0
14757395258967641292,2,40,34,-7,-19,-12,4,-4,38
14757395258967641292,0,0,0,0,0,0,0,0,0
14757395258967641292,0,0,0,0,0,0,0,0,0
14757395258967641292,9,14,123,13,17,-8,0,6,174
14757395258967641292,0,0,0,0,0,0,0,0,0
14757395258967641292,0,0,0,0,0,0,0,0,0
14757395258967641292,0,0,0,0,0,0,0,0,0
14757395258967641292,2,28,-7,-9,-9,-12,-20,-31,-58
14757395258967641292,6,-8,-89,-7,-3,-6,1,9,-97
14757395258967641292,0,0,0,0,0,0,0,0,0
14757395258967641292,0,0,0,0,0,0,0,0,0
14757395258967641292,0,0,0,0,0,0,0,0,0
14757395258967641292,0,0,0,0,0,0,0,0,0
14757395258967641292,7,-1,-26,10,12,1,-17,-2,-16
14757395258967641292,-5,-12,-19,-3,-9,7,-4,11,-34
14757395258967641292,-12,1,-14,-8,-12,-10,1,-9,-63
14757395258967641292,-11,3,-38,-10,-11,0,-8,-54,-129
14757395258967641292,0,0,0,0,0,0,0,0,0
14757395258967641292,0,0,0,0,0,0,0,0,0
14757395258967641292,6,4,-15,4,7,2,-5,11,14
14757395258967641292,-1,-11,-17,-2,-1,-5,-7,16,-28
14757395258967641292,0,0,0,0,0,0,0,0,0
14757395258967641292,0,0,0,0,0,0,0,0,0
14757395258967641292,0,0,0,0,0,0,0,0,0
14757395258967641292,3,12,43,-6,-9,2,12,14,71
14757395258967641292,0,0,0,0,0,0,0,0,0
14757395258967641292,0,0,0,0,0,0,0,0,0
14757395258967641292,6,2,24,3,14,1,4,23,77
14757395258967641292,-2,11,-58,-8,1,8,-5,1,-52
14757395258967641292,0,0,0,0,0,0,0,0,0
14757395258967641292,0,0,0,0,0,0,0,0,0
14757395258967641292,1,-14,-29,-13,-17,-5,-2,14,-65
14757395258967641292,-2,3,-21,1,6,-8,5,-8,-24
14757395258967641292,0,0,0,0,0,0,0,0,0
14757395258967641292,0,0,0,0,0,0,0,0,0
14757395258967641292,0,0,0,0,0,0,0,0,0
14757395258967641292,5,2,2,8,8,-4,-6,13,28
14757395258967641292,0,0,0,0,0,0,0,0,0
14757395258967641292,0,0,0,0,0,0,0,0,0
14757395258967641292,-3,-26,-8,-11,-8,-18,7,-8,-75
14757395258967641292,9,-1,15,5,1,-7,0,0,22
14757395258967641292,0,0,0,0,0,0,0,0,0
14757395258967641292,0,0,0,0,0,0,0,0,0
14757395258967641292,0,2,-34,1,22,18,21,11,41
14757395258967641292,-5,-14,7,-8,-20,-12,-19,-16,-87
14757395258967641292,0,0,0,0,0,0,0,0,0
14757395258967641292,0,0,0,0,0,0,0,0,0
14757395258967641292,0,0,0,0,0,0,0,0,0
14757395258967641292,-5,-3,-26,-1,2,0,4,2,-27
14757395258967641292,0,0,0,0,0,0,0,0,0
14757395258967641292,0,0,0,0,0,0,0,0,0
14757395258967641292,1,10,28,6,-5,4,0,-22,22
14757395258967641292,-11,-33,-76,-21,-15,-16,-4,-10,-186
14757395258967641292,0,0,0,0,0,0,0,0,0
14757395258967641292,0,0,0,0,0,0,0,0,0
14757395258967641292,-5,-24,-43,-5,-6,-1,-5,-1,-90
14757395258967641292,5,3,-14,8,22,26,7,9,66
14757395258967641292,0,0,0,0,0,0,0,0,0
14757395258967641292,0,0,0,0,0,0,0,0,0
14757395258967641292,0,0,0,0,0,0,0,0,0
14757395258967641292,2,-16,-50,-13,-10,-7,18,1,-75
14757395258967641292,0,0,0,0,0,0,0,0,0
14757395258967641292,0,0,0,0,0,0,0,0,0
14757395258967641292,-13,-12,-34,-13,-10,1,-1,7,-75
14757395258967641292,-2,-3,54,8,5,4,-1,-5,60
14757395258967641292,0,0,0,0,0,0,0,0,0
14757395258967641292,0,0,0,0,0,0,0,0,0
14757395258967641292,-1,-22,-29,-7,-7,-8,-4,-3,-81
14757395258967641292,3,-11,20,-1,10,5,2,8,36
14757395258967641292,0,0,0,0,0,0,0,0,0
14757395258967641292,0,0,0,0,0,0,0,0,0
14757395258967641292,0,0,0,0,0,0,0,0,0
14757395258967641292,3,35,54,2,-10,-12,-9,-2,61
14757395258967641292,0,0,0,0,0,0,0,0,0
14757395258967641292,0,0,0,0,0,0,0,0,0
14757395258967641292,4,-7,26,2,5,16,-13,24,57
14757395258967641292,-7,10,72,7,-6,-10,-10,8,64
14757395258967641292,0,0,0,0,0,0,0,0,0
14757395258967641292,0,0,0,0,0,0,0,0,0
14757395258967641292,5,2,-58,-6,-3,1,-1,-2,-62
14757395258967641292,-13,-41,-21,-4,2,-5,-13,-6,-101
14757395258967641292,0,0,0,0,0,0,0,0,0
14757395258967641292,0,0,0,0,0,0,0,0,0
14757395258967641292,0,0,0,0,0,0,0,0,0
14757395258967641292,0,16,-11,4,5,-2,22,-4,30
14757395258967641292,0,0,0,0,0,0,0,0,0
14757395258967641292,0,0,0,0,0,0,0,0,0
14757395258967641292,3,8,14,9,6,10,-4,-3,43
14757395258967641292,-8,-33,-65,-17,-22,-13,-31,-19,-208
14757395258967641292,0,0,0,0,0,0,0,0,0
14757395258967641292,0,0,0,0,0,0,0,0,0
14757395258967641292,2,-6,-42,-3,3,-11,3,25,-29
14757395258967641292,6,-4,20,3,-3,12,8,1,43
14757395258967641292,0,0,0,0,0,0,0,0,0
14757395258967641292,0,0,0,0,0,0,0,0,0
14757395258967641292,0,0,0,0,0,0,0,0,0
14757395258967641292,7,21,-37,-6,-5,-7,0,6,-21
14757395258967641292,0,0,0,0,0,0,0,0,0
14757395258967641292,-4,0,26,4,-3,-6,14,-3,28
14757395258967641292,0,0,0,0,0,0,0,0,0
14757395258967641292,6,18,-26,7,21,17,-5,5,43
14757395258967641292,0,0,0,0,0,0,0,0,0
14757395258967641292,0,0,0,0,0,0,0,0,0
14757395258967641292,-8,-3,-26,-12,-6,-12,-4,-4,-75
14757395258967641292,0,0,0,0,0,0,0,0,0
14757395258967641292,0,0,0,0,0,0,0,0,0
14757395258967641292,-2,1,34,7,11,1,-3,14,63
14757395258967641292,0,0,0,0,0,0,0,0,0
14757395258967641292,1,11,-3,0,-4,-1,11,9,24
14757395258967641292,0,0,0,0,0,0,0,0,0
14757395258967641292,-3,23,30,2,5,-2,0,-1,54
14757395258967641292,0,0,0,0,0,0,0,0,0
14757395258967641292,-3,1,6,-3,-1,9,2,-5,6
14757395258967641292,0,0,0,0,0,0,0,0,0
14757395258967641292,0,0,0,0,0,0,0,0,0
14757395258967641292,1,-2,-9,-5,-5,1,-14,-17,-50
14757395258967641292,-1,-7,-6,-2,-10,-6,1,1,-30
14757395258967641292,0,0,0,0,0,0,0,0,0
14757395258967641292,0,0,0,0,0,0,0,0,0
14757395258967641292,0,0,0,0,0,0,0,0,0
14757395258967641292,-11,-34,-46,-5,-5,-7,-23,-22,-153
14757395258967641292,0,0,0,0,0,0,0,0,0
14757395258967641292,0,-10,19,4,4,-7,15,-15,10
14757395258967641292,0,0,0,0,0,0,0,0,0
14757395258967641292,1,38,55,18,30,18,22,24,206
14757395258967641292,0,0,0,0,0,0,0,0,0
14757395258967641292,0,0,0,0,0,0,0,0,0
14757395258967641292,-5,-8,-26,-10,-17,-6,-7,4,-75
14757395258967641292,-2,-2,31,-1,-1,7,-9,-15,8
14757395258967641292,0,0,0,0,0,0,0,0,0
14757395258967641292,0,0,0,0,0,0,0,0,0
14757395258967641292,0,0,0,0,0,0,0,0,0
14757395258967641292,5,9,-7,-2,-13,-9,-2,14,-5
14757395258967641292,0,0,0,0,0,0,0,0,0
14757395258967641292,-1,13,-43,4,10,9,-11,-3,-22
14757395258967641292,0,0,0,0,0,0,0,0,0
14757395258967641292,3,-2,-78,-15,3,0,3,0,-86
14757395258967641292,0,0,0,0,0,0,0,0,0
14757395258967641292,0,0,0,0,0,0,0,0,0
14757395258967641292,0,17,62,6,-10,-9,-6,6,66
14757395258967641292,4,9,30,-1,-14,-12,15,2,33
14757395258967641292,0,0,0,0,0,0,0,0,0
14757395258967641292,0,0,0,0,0,0,0,0,0
14757395258967641292,0,0,0,0,0,0,0,0,0
14757395258967641292,-8,-35,-50,2,9,-2,-5,13,-76
14757395258967641292,0,0,0,0,0,0,0,0,0
14757395258967641292,0,0,0,0,0,0,0,0,0
14757395258967641292,4,9,6,2,-1,8,18,2,48
14757395258967641292,-10,-8,4,-13,-18,-17,3,-17,-76
14757395258967641292,0,0,0,0,0,0,0,0,0
14757395258967641292,0,0,0,0,0,0,0,0,0
14757395258967641292,-1,-2,27,13,10,8,-2,-8,45
14757395258967641292,5,20,-16,-4,-1,-3,-7,14,8
14757395258967641292,0,0,0,0,0,0,0,0,0
14757395258967641292,0,0,0,0,0,0,0,0,0
14757395258967641292,0,0,0,0,0,0,0,0,0
14757395258967641292,-1,-12,30,3,3,-4,-7,-8,4
14757395258967641292,0,0,0,0,0,0,0,0,0
14757395258967641292,0,0,0,0,0,0,0,0,0
14757395258967641292,-4,-3,13,-1,-7,-5,-5,4,-8
14757395258967641292,1,0,24,-1,-13,-6,-5,-25,-25
14757395258967641292,0,0,0,0,0,0,0,0,0
14757395258967641292,0,0,0,0,0,0,0,0,0
14757395258967641292,1,-1,-3,7,7,6,-1,3,19
14757395258967641292,4,10,-37,-13,-12,8,-9,-16,-65
14757395258967641292,0,0,0,0,0,0,0,0,0
14757395258967641292,0,0,0,0,0,0,0,0,0
14757395258967641292,0,0,0,0,0,0,0,0,0
14757395258967641292,-5,-29,-20,-12,-12,-6,6,8,-70
14757395258967641292,0,0,0,0,0,0,0,0,0
14757395258967641292,0,0,0,0,0,0,0,0,0
14757395258967641292,-3,9,26,-1,-3,-2,-13,-13,0
14757395258967641292,1,11,11,11,14,5,-18,-5,30
14757395258967641292,0,0,0,0,0,0,0,0,0
14757395258967641292,0,0,0,0,0,0,0,0,0
14757395258967641292,-4,-26,-15,-11,-12,-8,-6,20,-62
14757395258967641292,-9,-5,22,5,5,8,-7,-12,7
14757395258967641292,0,0,0,0,0,0,0,0,0
14757395258967641292,0,0,0,0,0,0,0,0,0
14757395258967641292,0,0,0,0,0,0,0,0,0
14757395258967641292,1,15,37,1,-6,-2,4,12,62
14757395258967641292,0,0,0,0,0,0,0,0,0
14757395258967641292,0,0,0,0,0,0,0,0,0
14757395258967641292,0,0,0,0,0,0,0,0,0
14757395258967641292,1,0,28,1,10,3,1,21,65
14757395258967641292,-6,-20,-9,0,-1,-14,-12,2,-60
14757395258967641292,0,0,0,0,0,0,0,0,0
14757395258967641292,8,24,2,8,20,17,1,0,80
14757395258967641292,0,0,0,0,0,0,0,0,0
14757395258967641292,6,21,7,-2,-7,-8,5,5,27
14757395258967641292,0,0,0,0,0,0,0,0,0
14757395258967641292,0,0,0,0,0,0,0,0,0
14757395258967641292,4,5,9,5,4,2,12,-3,38
14757395258967641292,0,0,0,0,0,0,0,0,0
14757395258967641292,0,0,0,0,0,0,0,0,0
14757395258967641292,0,0,0,0,0,0,0,0,0
14757395258967641292,2,7,-23,0,2,-1,12,-28,-29
14757395258967641292,-4,6,-3,-14,-8,-8,0,-15,-46
14757395258967641292,0,0,0,0,0,0,0,0,0
14757395258967641292,-1,5,13,12,-8,-6,13,7,35
14757395258967641292,-4,0,-64,-7,-9,14,2,-9,-77
14757395258967641292,0,0,0,0,0,0,0,0,0
14757395258967641292,0,0,0,0,0,0,0,0,0
14757395258967641292,0,0,0,0,0,0,0,0,0
14757395258967641292,0,11,88,21,32,15,6,1,174
14757395258967641292,0,0,0,0,0,0,0,0,0
14757395258967641292,0,0,0,0,0,0,0,0,0
14757395258967641292,0,0,0,0,0,0,0,0,0
14757395258967641292,4,4,-16,-14,-22,-8,-4,-3,-59
14757395258967641292,4,11,-11,-5,-5,-3,1,7,-1
14757395258967641292,0,0,0,0,0,0,0,0,0
14757395258967641292,-5,-10,9,4,7,7,2,4,18
14757395258967641292,0,0,0,0,0,0,0,0,0
14757395258967641292,3,3,8,2,-8,-3,-2,3,6
14757395258967641292,0,0,0,0,0,0,0,0,0
14757395258967641292,0,0,0,0,0,0,0,0,0
14757395258967641292,-3,8,17,14,28,5,9,2,80
14757395258967641292,0,0,0,0,0,0,0,0,0
14757395258967641292,0,0,0,0,0,0,0,0,0
14757395258967641292,0,0,0,0,0,0,0,0,0
14757395258967641292,-7,-33,-74,-22,-19,-2,13,19,-125
14757395258967641292,3,-19,40,3,11,8,5,8,59
14757395258967641292,0,0,0,0,0,0,0,0,0
14757395258967641292,1,0,-8,-3,-8,-8,-3,-4,-33
14757395258967641292,0,0,0,0,0,0,0,0,0
14757395258967641292,-2,-5,-31,-2,7,7,-1,0,-27
14757395258967641292,0,0,0,0,0,0,0,0,0
14757395258967641292,0,0,0,0,0,0,0,0,0
14757395258967641292,-8,-18,-15,-10,-15,0,-5,8,-63
14757395258967641292,0,0,0,0,0,0,0,0,0
14757395258967641292,0,0,0,0,0,0,0,0,0
14757395258967641292,0,0,0,0,0,0,0,0,0
14757395258967641292,-5,-7,-28,2,2,-3,-9,-13,-61
14757395258967641292,3,-11,-21,-6,-18,-17,-3,-8,-81
14757395258967641292,0,0,0,0,0,0,0,0,0
14757395258967641292,-6,-18,-15,2,16,9,3,8,-1
14757395258967641292,0,0,0,0,0,0,0,0,0
14757395258967641292,-4,10,43,1,-1,3,1,-5,48
14757395258967641292,0,0,0,0,0,0,0,0,0
14757395258967641292,0,0,0,0,0,0,0,0,0
14757395258967641292,3,14,23,8,4,5,-7,15,65
14757395258967641292,0,0,0,0,0,0,0,0,0
14757395258967641292,0,0,0,0,0,0,0,0,0
14757395258967641292,0,0,0,0,0,0,0,0,0
14757395258967641292,0,3,-19,-9,-6,-5,9,2,-25
14757395258967641292,-4,-15,-21,-6,-10,-10,2,10,-54
14757395258967641292,0,0,0,0,0,0,0,0,0
14757395258967641292,6,15,10,7,4,10,-7,8,53
14757395258967641292,0,0,0,0,0,0,0,0,0
14757395258967641292,-1,4,17,-12,-10,1,16,-5,10
14757395258967641292,0,0,0,0,0,0,0,0,0
14757395258967641292,0,0,0,0,0,0,0,0,0
14757395258967641292,-1,-11,-55,-2,7,4,-9,-1,-68
14757395258967641292,0,0,0,0,0,0,0,0,0
14757395258967641292,0,0,0,0,0,0,0,0,0
14757395258967641292,0,0,0,0,0,0,0,0,0
14757395258967641292,2,17,-13,-6,-11,-1,-7,-8,-27
14757395258967641292,-4,1,4,-2,-9,11,0,-11,-10
14757395258967641292,0,0,0,0,0,0,0,0,0
14757395258967641292,-3,-10,-11,-3,-8,-10,-8,1,-52
14757395258967641292,0,0,0,0,0,0,0,0,0
14757395258967641292,1,-9,-9,-3,-6,-20,4,5,-37
14757395258967641292,0,0,0,0,0,0,0,0,0
14757395258967641292,0,0,0,0,0,0,0,0,0
14757395258967641292,-3,-13,-1,-2,4,0,2,-9,-22
14757395258967641292,0,0,0,0,0,0,0,0,0
14757395258967641292,0,0,0,0,0,0,0,0,0
14757395258967641292,0,0,0,0,0,0,0,0,0
14757395258967641292,-4,-10,-16,-2,24,16,3,3,14
14757395258967641292,2,13,-3,-7,-12,-11,-15,-2,-35
14757395258967641292,0,0,0,0,0,0,0,0,0
14757395258967641292,5,13,53,-6,-22,-1,-17,-9,16
14757395258967641292,-4,-19,10,13,17,4,0,1,22
14757395258967641292,0,0,0,0,0,0,0,0,0
14757395258967641292,0,0,0,0,0,0,0,0,0
14757395258967641292,0,0,0,0,0,0,0,0,0
14757395258967641292,1,-2,16,3,-13,-11,-13,-2,-21
14757395258967641292,0,0,0,0,0,0,0,0,0
14757395258967641292,0,0,0,0,0,0,0,0,0
14757395258967641292,0,0,0,0,0,0,0,0,0
14757395258967641292,3,-1,23,1,10,9,3,11,59
14757395258967641292,0,9,-20,4,11,2,2,0,8
14757395258967641292,0,0,0,0,0,0,0,0,0
14757395258967641292,-1,0,-12,0,-9,-8,4,-11,-37
14757395258967641292,0,0,0,0,0,0,0,0,0
14757395258967641292,-1,17,6,2,5,0,-5,9,33
14757395258967641292,0,0,0,0,0,0,0,0,0
14757395258967641292,0,0,0,0,0,0,0,0,0
14757395258967641292,-4,-8,28,4,-3,-9,-9,-11,-12
14757395258967641292,0,0,0,0,0,0,0,0,0
14757395258967641292,0,0,0,0,0,0,0,0,0
14757395258967641292,0,0,0,0,0,0,0,0,0
14757395258967641292,0,0,0,0,0,0,0,0,0
14757395258967641292,-2,8,16,-7,-19,-4,3,10,5
14757395258967641292,0,0,0,0,0,0,0,0,0
14757395258967641292,0,17,13,4,-19,-11,7,-12,-1
14757395258967641292,0,0,0,0,0,0,0,0,0
14757395258967641292,0,0,0,0,0,0,0,0,0
14757395258967641292,0,0,0,0,0,0,0,0,0
14757395258967641292,0,0,0,0,0,0,0,0,0
14757395258967641292,-2,-14,-42,-8,0,-3,7,6,-56
14757395258967641292,2,-6,-25,0,2,5,2,-3,-23
14757395258967641292,0,0,0,0,0,0,0,0,0
14757395258967641292,0,0,0,0,0,0,0,0,0
14757395258967641292,-3,-9,-8,0,-5,-3,-9,1,-36
14757395258967641292,-3,-16,-69,-13,-1,-8,-8,-10,-128
14757395258967641292,0,0,0,0,0,0,0,0,0
14757395258967641292,2,17,35,18,36,13,8,6,135
14757395258967641292,0,0,0,0,0,0,0,0,0
14757395258967641292,-10,-10,12,-2,-4,5,-4,-8,-21
14757395258967641292,0,0,0,0,0,0,0,0,0
14757395258967641292,0,0,0,0,0,0,0,0,0
14757395258967641292,9,13,13,1,2,-6,-1,3,34
14757395258967641292,0,0,0,0,0,0,0,0,0
14757395258967641292,0,0,0,0,0,0,0,0,0
14757395258967641292,0,0,0,0,0,0,0,0,0
14757395258967641292,-1,-4,-1,-5,1,15,14,18,37
14757395258967641292,-1,0,32,4,13,6,0,-1,53
14757395258967641292,0,0,0,0,0,0,0,0,0
14757395258967641292,3,16,17,2,5,-9,-5,0,29
14757395258967641292,0,0,0,0,0,0,0,0,0
14757395258967641292,-3,-11,-7,-10,-7,-5,4,3,-36
14757395258967641292,0,0,0,0,0,0,0,0,0
14757395258967641292,0,0,0,0,0,0,0,0,0
14757395258967641292,4,-17,48,9,4,0,2,-5,45
14757395258967641292,0,0,0,0,0,0,0,0,0
14757395258967641292,0,0,0,0,0,0,0,0,0
14757395258967641292,0,0,0,0,0,0,0,0,0
14757395258967641292,1,-10,9,-1,-4,4,5,-1,3
14757395258967641292,-7,1,13,2,0,-1,3,-3,8
14757395258967641292,0,0,0,0,0,0,0,0,0
14757395258967641292,0,-25,-7,5,11,4,10,12,10
14757395258967641292,0,0,0,0,0,0,0,0,0
14757395258967641292,-6,-9,-14,-6,-16,-4,-7,-7,-69
14757395258967641292,0,0,0,0,0,0,0,0,0
14757395258967641292,0,0,0,0,0,0,0,0,0
14757395258967641292,-5,-28,-107,-8,-3,1,3,-1,-148
14757395258967641292,0,0,0,0,0,0,0,0,0
14757395258967641292,0,0,0,0,0,0,0,0,0
14757395258967641292,0,0,0,0,0,0,0,0,0
14757395258967641292,-3,2,-25,-9,-10,-7,-5,8,-49
14757395258967641292,8,19,-4,5,1,9,12,7,57
14757395258967641292,0,0,0,0,0,0,0,0,0
14757395258967641292,-1,-3,-3,-3,-17,-14,-10,1,-50
14757395258967641292,0,0,0,0,0,0,0,0,0
14757395258967641292,1,19,11,5,36,7,-11,-8,60
14757395258967641292,0,0,0,0,0,0,0,0,0
14757395258967641292,0,0,0,0,0,0,0,0,0
14757395258967641292,0,-1,9,-6,-19,-11,13,5,-10
14757395258967641292,0,0,0,0,0,0,0,0,0
14757395258967641292,0,0,0,0,0,0,0,0,0
14757395258967641292,0,0,0,0,0,0,0,0,0
14757395258967641292,-1,-2,-19,-2,6,0,-1,1,-18
14757395258967641292,1,10,-7,-2,-7,0,-4,0,-9
14757395258967641292,0,0,0,0,0,0,0,0,0
14757395258967641292,-6,-10,-25,-7,-2,-1,-2,-2,-55
14757395258967641292,0,0,0,0,0,0,0,0,0
14757395258967641292,-4,14,101,9,-3,-4,-4,-1,108
14757395258967641292,0,0,0,0,0,0,0,0,0
14757395258967641292,0,0,0,0,0,0,0,0,0
14757395258967641292,3,-7,-57,2,12,8,-1,-3,-43
14757395258967641292,0,0,0,0,0,0,0,0,0
14757395258967641292,0,0,0,0,0,0,0,0,0
14757395258967641292,0,0,0,0,0,0,0,0,0
14757395258967641292,-6,-15,3,-4,-3,-3,-7,-3,-38
14757395258967641292,-3,-2,11,-6,-15,-8,6,0,-17
14757395258967641292,0,0,0,0,0,0,0,0,0
14757395258967641292,3,-1,-12,5,14,0,2,-4,7
14757395258967641292,0,0,0,0,0,0,0,0,0
14757395258967641292,-2,-10,-32,6,13,3,2,-4,-24
14757395258967641292,0,0,0,0,0,0,0,0,0
14757395258967641292,0,0,0,0,0,0,0,0,0
14757395258967641292,0,-2,7,1,17,-1,-3,-11,8
14757395258967641292,0,0,0,0,0,0,0,0,0
14757395258967641292,0,0,0,0,0,0,0,0,0
14757395258967641292,0,0,0,0,0,0,0,0,0
14757395258967641292,-1,-6,-19,-4,-4,-17,-4,-1,-56
14757395258967641292,1,4,2,0,2,-1,-4,5,9
14757395258967641292,0,0,0,0,0,0,0,0,0
14757395258967641292,0,0,0,0,0,0,0,0,0
14757395258967641292,0,0,0,0,0,0,0,0,0
14757395258967641292,-3,-12,30,8,-13,-6,-13,-10,-19
14757395258967641292,0,0,0,0,0,0,0,0,0
14757395258967641292,0,0,0,0,0,0,0,0,0
14757395258967641292,0,17,-5,-8,3,1,13,-2,19
14757395258967641292,0,0,0,0,0,0,0,0,0
14757395258967641292,0,0,0,0,0,0,0,0,0
14757395258967641292,0,0,0,0,0,0,0,0,0
14757395258967641292,0,-11,-23,-3,-3,1,-7,-2,-48
14757395258967641292,-4,-2,-3,-6,-15,-5,-17,-23,-75
14757395258967641292,0,0,0,0,0,0,0,0,0
14757395258967641292,0,0,0,0,0,0,0,0,0
14757395258967641292,0,0,0,0,0,0,0,0,0
14757395258967641292,3,0,12,12,2,9,7,16,61
14757395258967641292,0,0,0,0,0,0,0,0,0
14757395258967641292,0,0,0,0,0,0,0,0,0
14757395258967641292,-6,-15,7,0,-8,-10,-9,-19,-60
14757395258967641292,-3,-8,-32,-13,4,-1,-6,-3,-62
14757395258967641292,0,0,0,0,0,0,0,0,0
14757395258967641292,0,0,0,0,0,0,0,0,0
14757395258967641292,-10,-20,21,-7,-6,-4,-7,-18,-51
14757395258967641292,0,1,-6,-3,5,6,5,1,9
14757395258967641292,0,0,0,0,0,0,0,0,0
14757395258967641292,0,0,0,0,0,0,0,0,0
14757395258967641292,0,0,0,0,0,0,0,0,0
14757395258967641292,2,-1,11,5,0,1,-10,3,11
14757395258967641292,0,0,0,0,0,0,0,0,0
14757395258967641292,0,0,0,0,0,0,0,0,0
14757395258967641292,-1,-19,67,15,7,0,-5,26,90
