14757395258967641292,0,0,0,0,0,0,0,0,0
14757395258967641292,-1,0,2,-3,9,5,0,1,13
14757395258967641292,0,0,0,0,0,0,0,0,0
14757395258967641292,-1,-2,0,-1,-8,1,-3,0,-14
14757395258967641292,0,0,0,0,0,0,0,0,0
14757395258967641292,0,0,0,0,0,0,0,0,0
14757395258967641292,-1,1,-7,-7,12,2,-1,1,0
14757395258967641292,-1,-4,1,-2,3,-9,-4,-3,-19
14757395258967641292,0,0,0,0,0,0,0,0,0
14757395258967641292,0,0,5,3,3,3,0,1,15
14757395258967641292,0,0,0,0,0,0,0,0,0
14757395258967641292,-3,0,-3,2,-4,-6,-1,-2,-17
14757395258967641292,0,0,0,0,0,0,0,0,0
14757395258967641292,-2,5,-1,7,-1,8,-2,-5,9
14757395258967641292,0,0,0,0,0,0,0,0,0
14757395258967641292,0,4,-1,-4,2,2,2,1,6
14757395258967641292,0,0,0,0,0,0,0,0,0
14757395258967641292,0,0,0,0,0,0,0,0,0
14757395258967641292,-3,-7,-3,8,-3,-8,-2,1,-17
14757395258967641292,0,0,0,0,0,0,0,0,0
14757395258967641292,0,0,0,0,0,0,0,0,0
14757395258967641292,-1,-2,-5,-4,3,1,-1,0,-9
14757395258967641292,-1,9,0,-8,-9,-3,-1,0,-13
14757395258967641292,-1,-3,0,-2,10,2,-1,-1,4
14757395258967641292,0,0,0,0,0,0,0,0,0
14757395258967641292,1,-7,3,6,-2,-5,0,1,-3
14757395258967641292,0,0,0,0,0,0,0,0,0
14757395258967641292,-5,-10,-1,1,0,-1,-2,-1,-19
14757395258967641292,0,0,0,0,0,0,0,0,0
14757395258967641292,0,0,0,0,0,0,0,0,0
14757395258967641292,-1,0,-1,-20,-10,-7,-4,-2,-45
14757395258967641292,0,5,-2,1,3,2,3,0,12
14757395258967641292,0,0,0,0,0,0,0,0,0
14757395258967641292,0,0,0,0,0,0,0,0,0
14757395258967641292,-3,-2,-2,6,-6,-4,-3,-3,-17
14757395258967641292,-2,-6,-5,-17,-4,-2,-4,-2,-42
14757395258967641292,0,0,0,0,0,0,0,0,0
14757395258967641292,0,-9,-6,-4,-5,-6,-3,-1,-34
14757395258967641292,0,0,0,0,0,0,0,0,0
14757395258967641292,1,1,4,11,10,3,2,0,32
14757395258967641292,0,0,0,0,0,0,0,0,0
14757395258967641292,0,0,0,0,0,0,0,0,0
14757395258967641292,-2,12,-5,-10,-15,-9,-3,-2,-34
14757395258967641292,-4,-1,0,-3,7,10,-2,-1,6
14757395258967641292,0,0,0,0,0,0,0,0,0
14757395258967641292,0,0,0,0,0,0,0,0,0
14757395258967641292,0,1,5,8,10,5,1,0,30
14757395258967641292,2,5,2,3,-6,-8,-3,-1,-6
14757395258967641292,0,0,0,0,0,0,0,0,0
14757395258967641292,-1,1,-6,-5,3,1,-2,-1,-10
14757395258967641292,0,0,0,0,0,0,0,0,0
14757395258967641292,0,3,0,4,2,-4,1,-1,5
14757395258967641292,0,0,0,0,0,0,0,0,0
14757395258967641292,0,0,0,0,0,0,0,0,0
14757395258967641292,-1,-6,-1,-4,-4,-1,1,-1,-17
14757395258967641292,-3,-2,0,4,-4,-3,-1,-3,-12
14757395258967641292,0,0,0,0,0,0,0,0,0
14757395258967641292,0,0,0,0,0,0,0,0,0
14757395258967641292,1,-3,-5,-6,9,4,0,1,1
14757395258967641292,-3,-6,-2,-2,-4,0,-3,-1,-21
14757395258967641292,0,0,0,0,0,0,0,0,0
14757395258967641292,-2,0,3,1,-3,0,-1,-2,-4
14757395258967641292,0,0,0,0,0,0,0,0,0
14757395258967641292,2,9,3,6,6,-4,-1,0,21
14757395258967641292,0,0,0,0,0,0,0,0,0
14757395258967641292,0,0,0,0,0,0,0,0,0
14757395258967641292,0,1,-3,1,2,9,1,0,11
14757395258967641292,-1,1,1,-8,-5,-6,-2,0,-20
14757395258967641292,0,0,0,0,0,0,0,0,0
14757395258967641292,0,0,0,0,0,0,0,0,0
14757395258967641292,-1,-8,-2,2,9,-3,-2,-2,-7
14757395258967641292,1,-1,-2,-5,-1,4,0,0,-4
14757395258967641292,0,0,0,0,0,0,0,0,0
14757395258967641292,-1,-2,-4,-6,-16,-6,0,-1,-36
14757395258967641292,0,0,0,0,0,0,0,0,0
14757395258967641292,0,-1,-7,-4,-1,-2,0,-3,-18
14757395258967641292,0,0,0,0,0,0,0,0,0
14757395258967641292,0,0,0,0,0,0,0,0,0
14757395258967641292,0,10,-2,1,-2,2,-1,-1,7
14757395258967641292,-1,-8,-1,8,-9,-1,1,2,-9
14757395258967641292,0,0,0,0,0,0,0,0,0
14757395258967641292,0,0,0,0,0,0,0,0,0
14757395258967641292,-1,2,0,-5,-3,-1,-2,-2,-12
14757395258967641292,1,-9,-4,-8,-5,2,-1,-2,-26
14757395258967641292,0,0,0,0,0,0,0,0,0
14757395258967641292,0,-2,-3,-6,-3,-2,-1,0,-17
14757395258967641292,0,0,0,0,0,0,0,0,0
14757395258967641292,-1,0,2,11,-3,-3,-1,-1,4
14757395258967641292,0,0,0,0,0,0,0,0,0
14757395258967641292,0,0,0,0,0,0,0,0,0
14757395258967641292,-4,3,-3,8,-3,-5,1,-1,-4
14757395258967641292,1,11,-2,-1,-2,0,-2,-1,4
14757395258967641292,0,0,0,0,0,0,0,0,0
14757395258967641292,0,0,0,0,0,0,0,0,0
14757395258967641292,-1,-9,-2,5,-5,-2,-1,-1,-16
14757395258967641292,-4,4,-3,-5,-5,3,-1,-2,-13
14757395258967641292,0,0,0,0,0,0,0,0,0
14757395258967641292,3,9,4,3,10,5,0,0,34
14757395258967641292,0,0,0,0,0,0,0,0,0
14757395258967641292,-1,-4,0,-10,-13,-5,-2,-1,-36
14757395258967641292,0,0,0,0,0,0,0,0,0
14757395258967641292,0,0,0,0,0,0,0,0,0
14757395258967641292,-2,-7,-3,-2,6,-2,1,0,-9
14757395258967641292,-1,-4,-2,-1,-4,1,1,-2,-12
14757395258967641292,0,0,0,0,0,0,0,0,0
14757395258967641292,0,0,0,0,0,0,0,0,0
14757395258967641292,0,-1,7,-5,3,-2,-2,-1,-1
14757395258967641292,3,15,3,5,0,-6,-1,0,19
14757395258967641292,0,0,0,0,0,0,0,0,0
14757395258967641292,-1,-10,6,9,-2,1,-1,-2,0
14757395258967641292,0,0,0,0,0,0,0,0,0
14757395258967641292,1,-2,-2,-3,6,3,0,1,4
14757395258967641292,0,0,0,0,0,0,0,0,0
14757395258967641292,0,0,0,0,0,0,0,0,0
14757395258967641292,-2,-4,-4,-4,-2,-2,0,-1,-19
14757395258967641292,-3,-1,-1,-11,4,3,-2,-4,-15
14757395258967641292,0,0,0,0,0,0,0,0,0
14757395258967641292,0,0,0,0,0,0,0,0,0
14757395258967641292,1,-7,-3,-4,-22,-3,0,1,-37
14757395258967641292,-1,-5,0,9,5,-4,-1,2,5
14757395258967641292,0,0,0,0,0,0,0,0,0
14757395258967641292,-3,-3,1,-2,-12,-5,-4,-3,-31
14757395258967641292,0,0,0,0,0,0,0,0,0
14757395258967641292,1,1,0,1,13,7,2,0,25
14757395258967641292,0,0,0,0,0,0,0,0,0
14757395258967641292,0,0,0,0,0,0,0,0,0
14757395258967641292,-2,-2,-5,-11,-13,-4,-2,-1,-40
14757395258967641292,-1,-7,-1,0,16,2,-2,-2,5
14757395258967641292,0,0,0,0,0,0,0,0,0
14757395258967641292,0,0,0,0,0,0,0,0,0
14757395258967641292,-5,-1,-2,0,4,-9,0,-1,-14
14757395258967641292,-3,6,0,-2,-9,-10,-3,-3,-24
14757395258967641292,0,0,0,0,0,0,0,0,0
14757395258967641292,-2,1,3,7,36,14,0,-1,58
14757395258967641292,0,0,0,0,0,0,0,0,0
14757395258967641292,-2,-12,-8,-1,-4,-3,1,-1,-30
14757395258967641292,0,0,0,0,0,0,0,0,0
14757395258967641292,0,0,0,0,0,0,0,0,0
14757395258967641292,-1,-3,-4,-3,-6,-12,-2,-2,-33
14757395258967641292,2,5,0,1,5,5,-1,-1,16
14757395258967641292,0,0,0,0,0,0,0,0,0
14757395258967641292,0,0,0,0,0,0,0,0,0
14757395258967641292,0,0,0,0,0,0,0,0,0
14757395258967641292,-2,-5,-1,4,-3,-2,-2,-1,-12
14757395258967641292,0,0,0,0,0,0,0,0,0
14757395258967641292,-3,-7,-3,-8,-16,-3,-3,-2,-45
14757395258967641292,0,0,0,0,0,0,0,0,0
14757395258967641292,-2,9,2,10,-10,-11,0,-1,-3
14757395258967641292,0,0,0,0,0,0,0,0,0
14757395258967641292,0,0,0,0,0,0,0,0,0
14757395258967641292,-1,3,1,8,-5,6,-1,-1,10
14757395258967641292,-1,-2,3,-7,3,6,0,-1,1
14757395258967641292,0,0,0,0,0,0,0,0,0
14757395258967641292,0,0,0,0,0,0,0,0,0
14757395258967641292,-2,0,-4,-10,-15,-6,-1,-1,-39
14757395258967641292,1,-2,1,6,4,2,-1,0,11
14757395258967641292,0,0,0,0,0,0,0,0,0
14757395258967641292,0,-4,-14,-16,-6,-8,-2,0,-50
14757395258967641292,0,0,0,0,0,0,0,0,0
14757395258967641292,-3,-7,-1,-6,3,0,-1,-3,-18
14757395258967641292,0,0,0,0,0,0,0,0,0
14757395258967641292,0,0,0,0,0,0,0,0,0
14757395258967641292,0,0,0,0,0,0,0,0,0
14757395258967641292,4,9,5,5,17,9,3,1,53
14757395258967641292,-4,-7,-4,-19,-14,-7,-4,-2,-61
14757395258967641292,0,0,0,0,0,0,0,0,0
14757395258967641292,-2,-5,0,6,13,2,-1,-1,12
14757395258967641292,2,-2,5,6,0,-1,0,0,10
14757395258967641292,0,0,0,0,0,0,0,0,0
14757395258967641292,0,1,3,0,1,3,2,3,13
14757395258967641292,0,0,0,0,0,0,0,0,0
14757395258967641292,-3,-7,-7,-9,-11,-4,-2,-2,-45
14757395258967641292,0,0,0,0,0,0,0,0,0
14757395258967641292,0,0,0,0,0,0,0,0,0
14757395258967641292,1,0,4,7,3,6,0,-2,19
14757395258967641292,0,4,-3,7,2,4,1,0,15
14757395258967641292,0,0,0,0,0,0,0,0,0
14757395258967641292,0,0,0,0,0,0,0,0,0
14757395258967641292,-4,-5,-13,-8,-7,-7,-2,-1,-47
14757395258967641292,0,0,0,0,0,0,0,0,0
14757395258967641292,-1,1,-5,0,7,2,-2,-2,0
14757395258967641292,1,2,-1,-8,-8,-2,-2,1,-17
14757395258967641292,0,0,0,0,0,0,0,0,0
14757395258967641292,0,2,-2,6,5,-1,0,-2,8
14757395258967641292,0,0,0,0,0,0,0,0,0
14757395258967641292,0,0,0,0,0,0,0,0,0
14757395258967641292,-2,-3,-1,-1,-11,-4,-2,-2,-26
14757395258967641292,0,0,0,0,0,0,0,0,0
14757395258967641292,0,0,0,0,0,0,0,0,0
14757395258967641292,0,0,-3,-3,-5,1,0,0,-10
14757395258967641292,1,2,-1,-4,-6,-1,-1,-1,-11
14757395258967641292,0,0,0,0,0,0,0,0,0
14757395258967641292,1,-3,1,8,19,9,2,2,39
14757395258967641292,0,1,-3,-2,2,-3,1,-1,-5
14757395258967641292,0,0,0,0,0,0,0,0,0
14757395258967641292,-2,1,-1,-6,-15,-5,-4,-3,-35
14757395258967641292,0,0,0,0,0,0,0,0,0
14757395258967641292,0,0,0,0,0,0,0,0,0
14757395258967641292,-3,-4,3,7,2,6,-1,-2,8
14757395258967641292,-3,-1,-4,-3,-7,-5,-2,0,-25
14757395258967641292,0,0,0,0,0,0,0,0,0
14757395258967641292,0,0,0,0,0,0,0,0,0
14757395258967641292,0,-1,-7,-8,-1,6,-4,-2,-17
14757395258967641292,0,0,0,0,0,0,0,0,0
14757395258967641292,0,4,-2,1,5,0,1,0,9
14757395258967641292,0,0,0,0,0,0,0,0,0
14757395258967641292,0,0,0,0,0,0,0,0,0
14757395258967641292,0,0,0,0,0,0,0,0,0
14757395258967641292,-1,-2,6,-1,-5,-8,-2,0,-13
14757395258967641292,-1,2,-3,-6,-7,-6,-2,-3,-26
14757395258967641292,-1,-2,0,3,2,1,1,0,4
14757395258967641292,0,3,0,2,6,6,1,0,18
14757395258967641292,0,0,0,0,0,0,0,0,0
14757395258967641292,0,0,0,0,0,0,0,0,0
14757395258967641292,-5,-2,-4,-4,-4,-11,-3,-4,-37
14757395258967641292,0,0,0,0,0,0,0,0,0
14757395258967641292,-1,3,1,0,-6,-3,-4,-1,-11
14757395258967641292,0,0,0,0,0,0,0,0,0
14757395258967641292,0,0,0,0,0,0,0,0,0
14757395258967641292,-5,-11,-10,-13,-12,-6,-1,-2,-60
14757395258967641292,0,0,0,0,0,0,0,0,0
14757395258967641292,0,0,0,0,0,0,0,0,0
14757395258967641292,0,-1,-3,0,1,-2,-3,-3,-11
14757395258967641292,2,3,6,1,0,-1,-2,1,10
14757395258967641292,0,0,0,0,0,0,0,0,0
14757395258967641292,0,0,0,0,0,0,0,0,0
14757395258967641292,1,0,1,4,7,4,-1,0,16
14757395258967641292,0,0,0,0,0,0,0,0,0
14757395258967641292,1,-2,11,1,-2,-5,-3,-1,0
14757395258967641292,0,0,0,0,0,0,0,0,0
14757395258967641292,0,0,0,0,0,0,0,0,0
14757395258967641292,0,5,4,3,3,1,-3,-2,11
14757395258967641292,0,0,0,0,0,0,0,0,0
14757395258967641292,0,0,0,0,0,0,0,0,0
14757395258967641292,-4,-9,-10,-5,-5,-3,-2,0,-38
14757395258967641292,-1,-8,-6,-3,-1,-4,-1,-1,-25
14757395258967641292,0,0,0,0,0,0,0,0,0
14757395258967641292,0,0,0,0,0,0,0,0,0
14757395258967641292,1,0,1,-3,0,2,-1,-1,-1
14757395258967641292,0,0,0,0,0,0,0,0,0
14757395258967641292,0,-3,0,-2,-5,0,0,2,-8
14757395258967641292,0,0,0,0,0,0,0,0,0
14757395258967641292,0,0,0,0,0,0,0,0,0
14757395258967641292,1,3,-3,0,3,3,1,-1,7
14757395258967641292,0,0,0,0,0,0,0,0,0
14757395258967641292,0,0,0,0,0,0,0,0,0
14757395258967641292,-5,-2,-9,-4,-10,-7,-1,1,-37
14757395258967641292,-4,-5,7,7,3,7,3,0,18
14757395258967641292,0,0,0,0,0,0,0,0,0
14757395258967641292,0,0,0,0,0,0,0,0,0
14757395258967641292,2,1,7,1,-3,5,7,-4,16
14757395258967641292,0,0,0,0,0,0,0,0,0
14757395258967641292,-6,2,8,-1,-4,-2,-4,10,3
14757395258967641292,0,0,0,0,0,0,0,0,0
14757395258967641292,0,0,0,0,0,0,0,0,0
14757395258967641292,2,9,-6,1,7,0,-2,5,16
14757395258967641292,0,0,0,0,0,0,0,0,0
14757395258967641292,0,0,0,0,0,0,0,0,0
14757395258967641292,4,5,10,5,3,-1,-5,8,29
14757395258967641292,-5,-4,-12,-5,-5,-6,0,-11,-48
14757395258967641292,0,0,0,0,0,0,0,0,0
14757395258967641292,0,0,0,0,0,0,0,0,0
14757395258967641292,0,6,-3,-1,-1,-1,-2,-2,-4
14757395258967641292,0,0,0,0,0,0,0,0,0
14757395258967641292,-5,-10,-25,-11,-7,-4,-2,-4,-68
14757395258967641292,0,0,0,0,0,0,0,0,0
14757395258967641292,0,0,0,0,0,0,0,0,0
14757395258967641292,0,-7,3,-3,-6,-5,-3,-1,-22
14757395258967641292,0,0,0,0,0,0,0,0,0
14757395258967641292,0,0,0,0,0,0,0,0,0
14757395258967641292,-3,-2,-15,-7,-4,-1,-2,-16,-50
14757395258967641292,2,3,-3,7,1,-3,-1,-2,4
14757395258967641292,0,0,0,0,0,0,0,0,0
14757395258967641292,0,0,0,0,0,0,0,0,0
14757395258967641292,-9,-14,-8,-8,-2,-2,8,11,-24
14757395258967641292,0,0,0,0,0,0,0,0,0
14757395258967641292,3,8,17,5,2,-3,0,-9,23
14757395258967641292,0,0,0,0,0,0,0,0,0
14757395258967641292,0,0,0,0,0,0,0,0,0
14757395258967641292,2,2,1,0,0,4,3,8,20
14757395258967641292,0,0,0,0,0,0,0,0,0
14757395258967641292,0,0,0,0,0,0,0,0,0
14757395258967641292,8,14,7,6,6,4,0,-4,41
14757395258967641292,5,12,6,2,1,1,0,11,38
14757395258967641292,0,0,0,0,0,0,0,0,0
14757395258967641292,0,0,0,0,0,0,0,0,0
14757395258967641292,7,5,-10,-1,6,5,0,-1,11
14757395258967641292,0,0,0,0,0,0,0,0,0
14757395258967641292,2,15,18,5,2,1,0,5,48
14757395258967641292,0,0,0,0,0,0,0,0,0
14757395258967641292,0,0,0,0,0,0,0,0,0
14757395258967641292,4,4,-13,-5,-1,0,1,0,-10
14757395258967641292,0,0,0,0,0,0,0,0,0
14757395258967641292,0,0,0,0,0,0,0,0,0
14757395258967641292,5,8,-10,-1,1,1,-2,7,9
14757395258967641292,-8,-17,5,-3,-3,-5,-4,-9,-44
14757395258967641292,0,0,0,0,0,0,0,0,0
14757395258967641292,0,0,0,0,0,0,0,0,0
14757395258967641292,-10,-20,7,-5,-5,-3,-2,-3,-41
14757395258967641292,0,0,0,0,0,0,0,0,0
14757395258967641292,-13,-29,-10,-10,-5,-2,-3,-8,-80
14757395258967641292,0,0,0,0,0,0,0,0,0
14757395258967641292,0,0,0,0,0,0,0,0,0
14757395258967641292,-9,-20,-7,-4,-4,-4,-3,-6,-57
14757395258967641292,0,0,0,0,0,0,0,0,0
14757395258967641292,0,0,0,0,0,0,0,0,0
14757395258967641292,-4,-2,-2,-2,-3,-3,-3,-15,-34
14757395258967641292,0,0,0,0,0,0,0,0,0
14757395258967641292,1,-12,-13,-5,-2,-2,-2,-6,-41
14757395258967641292,0,0,0,0,0,0,0,0,0
14757395258967641292,1,-3,4,0,-2,-6,-3,19,10
14757395258967641292,0,0,0,0,0,0,0,0,0
14757395258967641292,6,14,-9,0,1,1,0,1,14
14757395258967641292,0,0,0,0,0,0,0,0,0
14757395258967641292,0,0,0,0,0,0,0,0,0
14757395258967641292,2,5,4,0,-2,0,2,3,14
14757395258967641292,0,0,0,0,0,0,0,0,0
14757395258967641292,0,0,0,0,0,0,0,0,0
14757395258967641292,0,0,0,0,0,0,0,0,0
14757395258967641292,0,0,0,0,0,0,0,0,0
14757395258967641292,0,0,0,0,0,0,0,0,0
14757395258967641292,0,0,0,0,0,0,0,0,0
14757395258967641292,-3,-11,10,7,4,3,1,-9,2
14757395258967641292,-1,16,10,6,0,1,-2,-11,19
14757395258967641292,0,0,0,0,0,0,0,0,0
14757395258967641292,0,0,0,0,0,0,0,0,0
14757395258967641292,0,0,0,0,0,0,0,0,0
14757395258967641292,-4,-6,-6,-6,-4,-2,0,49,21
14757395258967641292,-2,-1,3,-1,1,3,-5,-31,-33
14757395258967641292,0,0,0,0,0,0,0,0,0
14757395258967641292,0,0,0,0,0,0,0,0,0
14757395258967641292,2,4,5,2,1,4,2,-8,12
14757395258967641292,0,0,0,0,0,0,0,0,0
14757395258967641292,-4,-4,3,0,-1,-2,3,14,9
14757395258967641292,0,0,0,0,0,0,0,0,0
14757395258967641292,0,0,0,0,0,0,0,0,0
14757395258967641292,0,0,0,0,0,0,0,0,0
14757395258967641292,-5,-10,8,-4,-6,-6,-4,-13,-40
14757395258967641292,-5,1,9,1,-3,-4,-3,-3,-7
14757395258967641292,0,0,0,0,0,0,0,0,0
14757395258967641292,0,0,0,0,0,0,0,0,0
14757395258967641292,0,0,0,0,0,0,0,0,0
14757395258967641292,-1,-7,-7,-6,-2,-2,-4,1,-28
14757395258967641292,0,0,0,0,0,0,0,0,0
14757395258967641292,0,0,0,0,0,0,0,0,0
14757395258967641292,0,0,0,0,0,0,0,0,0
14757395258967641292,0,0,0,0,0,0,0,0,0
14757395258967641292,0,0,0,0,0,0,0,0,0
14757395258967641292,4,-1,14,5,1,2,-1,5,29
14757395258967641292,0,0,0,0,0,0,0,0,0
14757395258967641292,0,0,0,0,0,0,0,0,0
14757395258967641292,0,0,0,0,0,0,0,0,0
14757395258967641292,-6,-21,-12,-6,-3,-4,4,-12,-60
14757395258967641292,9,1,0,5,3,-1,5,55,77
14757395258967641292,-3,-10,-7,-6,-2,-3,-3,-1,-35
14757395258967641292,10,25,11,4,-2,-4,-2,11,53
14757395258967641292,-6,2,-2,-1,5,3,0,-16,-15
14757395258967641292,-1,12,-6,4,6,5,-1,-14,5
14757395258967641292,-1,4,1,-4,1,-7,-5,-9,-20
14757395258967641292,0,0,0,0,0,0,0,0,0
14757395258967641292,22,40,-7,-2,0,6,12,-18,53
14757395258967641292,0,0,0,0,0,0,0,0,0
14757395258967641292,0,0,0,0,0,0,0,0,0
14757395258967641292,-8,-5,-11,11,7,-2,-5,-7,-20
14757395258967641292,-14,-11,1,0,0,-4,9,21,2
14757395258967641292,0,0,0,0,0,0,0,0,0
14757395258967641292,-2,12,5,-4,-5,-2,-8,-19,-23
14757395258967641292,0,0,0,0,0,0,0,0,0
14757395258967641292,0,0,0,0,0,0,0,0,0
14757395258967641292,0,4,3,8,25,4,-13,-8,23
14757395258967641292,19,35,37,16,6,3,-12,28,132
14757395258967641292,0,0,0,0,0,0,0,0,0
14757395258967641292,-2,-4,-52,-12,-4,6,9,-6,-65
14757395258967641292,0,0,0,0,0,0,0,0,0
14757395258967641292,0,0,0,0,0,0,0,0,0
14757395258967641292,-17,-4,74,-10,-8,-5,0,-14,16
14757395258967641292,-4,-23,17,-10,-34,-6,-15,-31,-106
14757395258967641292,0,0,0,0,0,0,0,0,0
14757395258967641292,0,-9,-7,5,-4,5,17,-12,-5
14757395258967641292,4,-13,11,13,9,-4,4,27,51
14757395258967641292,0,0,0,0,0,0,0,0,0
14757395258967641292,0,0,0,0,0,0,0,0,0
14757395258967641292,3,7,-7,14,-7,-4,-4,-9,-7
14757395258967641292,0,0,0,0,0,0,0,0,0
14757395258967641292,3,55,8,4,25,8,-6,-5,92
14757395258967641292,0,0,0,0,0,0,0,0,0
14757395258967641292,0,0,0,0,0,0,0,0,0
14757395258967641292,-10,-35,-47,-2,0,-14,-5,-1,-114
14757395258967641292,39,78,74,38,-6,3,7,33,266
14757395258967641292,0,0,0,0,0,0,0,0,0
14757395258967641292,0,0,0,0,0,0,0,0,0
14757395258967641292,0,0,0,0,0,0,0,0,0
14757395258967641292,-5,-31,26,-11,-6,-5,11,-10,-31
14757395258967641292,0,0,0,0,0,0,0,0,0
14757395258967641292,4,0,-39,-1,13,39,16,34,66
14757395258967641292,0,0,0,0,0,0,0,0,0
14757395258967641292,-18,-26,-35,-29,-31,-19,-8,-4,-170
14757395258967641292,0,0,0,0,0,0,0,0,0
14757395258967641292,0,0,0,0,0,0,0,0,0
14757395258967641292,-4,-65,-23,31,70,10,4,-3,20
14757395258967641292,-27,-29,-70,-45,-9,-20,-44,-27,-271
14757395258967641292,0,0,0,0,0,0,0,0,0
14757395258967641292,0,0,0,0,0,0,0,0,0
14757395258967641292,14,35,-2,-18,-10,9,15,14,57
14757395258967641292,1,-17,-18,-1,-6,-9,-4,-9,-63
14757395258967641292,0,0,0,0,0,0,0,0,0
14757395258967641292,-13,15,10,3,-6,-4,-9,-60,-64
14757395258967641292,0,0,0,0,0,0,0,0,0
14757395258967641292,-16,-80,-2,14,6,22,14,5,-37
14757395258967641292,0,0,0,0,0,0,0,0,0
14757395258967641292,0,0,0,0,0,0,0,0,0
14757395258967641292,-2,24,-36,-11,-16,-15,2,4,-50
14757395258967641292,13,18,20,11,8,-1,5,14,88
14757395258967641292,0,0,0,0,0,0,0,0,0
14757395258967641292,0,0,0,0,0,0,0,0,0
14757395258967641292,-1,-8,26,-33,-53,-39,-17,7,-118
14757395258967641292,22,62,2,35,27,45,4,-4,193
14757395258967641292,0,0,0,0,0,0,0,0,0
14757395258967641292,-7,-11,-5,1,-16,-19,5,-14,-66
14757395258967641292,0,0,0,0,0,0,0,0,0
14757395258967641292,1,31,5,-8,23,3,5,-63,-3
14757395258967641292,0,0,0,0,0,0,0,0,0
14757395258967641292,0,0,0,0,0,0,0,0,0
14757395258967641292,-20,-48,32,15,-4,2,-15,-18,-56
14757395258967641292,-2,-23,7,-23,-40,-25,-20,-27,-153
14757395258967641292,0,0,0,0,0,0,0,0,0
14757395258967641292,0,0,0,0,0,0,0,0,0
14757395258967641292,18,-14,6,25,24,26,0,21,106
14757395258967641292,-26,-14,-13,-22,-48,-37,-5,29,-136
14757395258967641292,0,0,0,0,0,0,0,0,0
14757395258967641292,16,45,20,31,91,32,7,5,247
14757395258967641292,0,0,0,0,0,0,0,0,0
14757395258967641292,13,30,46,-16,-30,-15,1,18,47
14757395258967641292,0,0,0,0,0,0,0,0,0
14757395258967641292,0,0,0,0,0,0,0,0,0
14757395258967641292,-2,12,27,11,72,34,-3,-1,150
14757395258967641292,4,68,-10,18,11,8,5,-3,101
14757395258967641292,0,0,0,0,0,0,0,0,0
14757395258967641292,0,0,0,0,0,0,0,0,0
14757395258967641292,-4,-3,-24,-46,-115,-51,-37,60,-220
14757395258967641292,21,14,3,21,36,28,22,97,242
14757395258967641292,0,0,0,0,0,0,0,0,0
14757395258967641292,0,14,-35,-29,-53,-47,-10,-6,-166
14757395258967641292,0,0,0,0,0,0,0,0,0
14757395258967641292,-42,-114,-4,17,53,66,-1,-21,-46
14757395258967641292,0,0,0,0,0,0,0,0,0
14757395258967641292,0,0,0,0,0,0,0,0,0
14757395258967641292,0,0,0,0,0,0,0,0,0
14757395258967641292,23,37,-8,24,29,-16,8,-3,94
14757395258967641292,-12,49,-1,-22,37,30,11,-30,62
14757395258967641292,0,0,0,0,0,0,0,0,0
14757395258967641292,13,34,20,-10,-38,-11,2,-55,-45
14757395258967641292,18,-22,-15,-37,-57,-49,-18,-29,-209
14757395258967641292,0,0,0,0,0,0,0,0,0
14757395258967641292,-9,25,-7,5,28,10,13,23,88
14757395258967641292,0,0,0,0,0,0,0,0,0
14757395258967641292,-25,-101,-12,-20,61,-33,-16,-43,-189
14757395258967641292,0,0,0,0,0,0,0,0,0
14757395258967641292,0,0,0,0,0,0,0,0,0
14757395258967641292,-15,-24,23,91,87,57,18,-9,228
14757395258967641292,-14,4,33,23,-51,-18,0,49,26
14757395258967641292,0,0,0,0,0,0,0,0,0
14757395258967641292,0,0,0,0,0,0,0,0,0
14757395258967641292,0,0,0,0,0,0,0,0,0
14757395258967641292,0,0,0,0,0,0,0,0,0
14757395258967641292,3,-7,6,8,2,16,18,23,69
14757395258967641292,-11,-51,-13,-13,-113,-47,-20,-21,-289
14757395258967641292,0,0,0,0,0,0,0,0,0
14757395258967641292,16,58,-11,-2,-18,3,13,12,71
14757395258967641292,0,0,0,0,0,0,0,0,0
14757395258967641292,0,0,0,0,0,0,0,0,0
14757395258967641292,-23,-47,-8,-40,-38,-17,-21,2,-192
14757395258967641292,19,-9,12,40,51,-1,-8,52,156
14757395258967641292,0,0,0,0,0,0,0,0,0
14757395258967641292,0,0,0,0,0,0,0,0,0
14757395258967641292,0,0,0,0,0,0,0,0,0
14757395258967641292,0,0,0,0,0,0,0,0,0
14757395258967641292,0,0,0,0,0,0,0,0,0
14757395258967641292,-19,-10,-26,15,0,27,0,-2,-15
14757395258967641292,-7,-7,-19,-34,-48,-14,-27,6,-150
14757395258967641292,0,0,0,0,0,0,0,0,0
14757395258967641292,0,0,0,0,0,0,0,0,0
14757395258967641292,0,0,0,0,0,0,0,0,0
14757395258967641292,55,90,2,-10,-2,-12,-16,-29,78
14757395258967641292,-41,39,-29,0,-10,-1,-22,-58,-122
14757395258967641292,0,0,0,0,0,0,0,0,0
14757395258967641292,0,0,0,0,0,0,0,0,0
14757395258967641292,8,-10,19,-6,3,14,4,24,56
14757395258967641292,0,0,0,0,0,0,0,0,0
14757395258967641292,-6,-39,-7,-5,-66,-56,3,-11,-187
14757395258967641292,0,0,0,0,0,0,0,0,0
14757395258967641292,0,0,0,0,0,0,0,0,0
14757395258967641292,0,0,0,0,0,0,0,0,0
14757395258967641292,-14,-25,42,59,123,85,14,19,303
14757395258967641292,4,14,-92,-17,-29,13,21,12,-74
14757395258967641292,0,0,0,0,0,0,0,0,0
14757395258967641292,0,0,0,0,0,0,0,0,0
14757395258967641292,0,0,0,0,0,0,0,0,0
14757395258967641292,-21,22,42,2,-36,-3,-7,-14,-15
14757395258967641292,0,0,0,0,0,0,0,0,0
14757395258967641292,0,0,0,0,0,0,0,0,0
14757395258967641292,0,0,0,0,0,0,0,0,0
14757395258967641292,-25,27,-13,-6,9,-15,-7,2,-28
14757395258967641292,0,0,0,0,0,0,0,0,0
14757395258967641292,5,-20,8,3,6,-6,20,-18,-2
14757395258967641292,0,0,0,0,0,0,0,0,0
14757395258967641292,0,0,0,0,0,0,0,0,0
14757395258967641292,0,0,0,0,0,0,0,0,0
14757395258967641292,-4,22,-7,-4,-41,-7,3,-13,-51
14757395258967641292,11,-7,34,29,11,-4,-17,-11,46
14757395258967641292,0,0,0,0,0,0,0,0,0
14757395258967641292,0,0,0,0,0,0,0,0,0
14757395258967641292,0,0,0,0,0,0,0,0,0
14757395258967641292,-13,-3,-8,-28,-11,-6,6,1,-62
14757395258967641292,0,0,0,0,0,0,0,0,0
14757395258967641292,0,0,0,0,0,0,0,0,0
14757395258967641292,0,0,0,0,0,0,0,0,0
14757395258967641292,7,-2,-12,-21,-30,-12,-8,-2,-80
14757395258967641292,0,0,0,0,0,0,0,0,0
14757395258967641292,-7,-67,23,5,18,-6,4,39,9
14757395258967641292,0,0,0,0,0,0,0,0,0
14757395258967641292,0,0,0,0,0,0,0,0,0
14757395258967641292,0,0,0,0,0,0,0,0,0
14757395258967641292,0,0,0,0,0,0,0,0,0
14757395258967641292,0,0,0,0,0,0,0,0,0
14757395258967641292,7,-52,3,-10,-23,-22,6,1,-90
14757395258967641292,3,8,-33,0,62,32,3,-4,71
14757395258967641292,5,22,4,-6,-6,-7,-5,0,7
14757395258967641292,5,-5,-11,2,3,8,2,-2,2
14757395258967641292,9,26,15,13,13,12,-4,-5,79
14757395258967641292,0,0,0,0,0,0,0,0,0
14757395258967641292,1,24,-5,-6,-18,-5,-3,-5,-17
14757395258967641292,-9,-32,-19,20,21,-7,1,12,-13
14757395258967641292,0,0,0,0,0,0,0,0,0
14757395258967641292,0,0,0,0,0,0,0,0,0
14757395258967641292,-2,-14,-2,2,6,-1,-4,-19,-34
14757395258967641292,0,0,0,0,0,0,0,0,0
14757395258967641292,4,2,-4,-12,-13,-1,3,4,-17
14757395258967641292,3,-6,0,-2,-1,-3,2,27,20
14757395258967641292,0,0,0,0,0,0,0,0,0
14757395258967641292,1,4,1,0,7,-3,-3,-4,3
14757395258967641292,0,0,0,0,0,0,0,0,0
14757395258967641292,0,0,0,0,0,0,0,0,0
14757395258967641292,-5,9,-8,-1,-8,3,-3,-4,-17
14757395258967641292,0,20,-6,2,9,7,-4,-14,14
14757395258967641292,0,0,0,0,0,0,0,0,0
14757395258967641292,0,0,0,0,0,0,0,0,0
14757395258967641292,0,0,0,0,0,0,0,0,0
14757395258967641292,0,0,0,0,0,0,0,0,0
14757395258967641292,-1,24,-7,-14,-9,-2,1,-4,-12
14757395258967641292,-2,-2,7,4,6,-1,-4,-2,6
14757395258967641292,0,0,0,0,0,0,0,0,0
14757395258967641292,1,1,3,-3,-5,-4,0,-1,-8
14757395258967641292,0,0,0,0,0,0,0,0,0
14757395258967641292,0,0,0,0,0,0,0,0,0
14757395258967641292,-2,0,1,0,10,3,0,-6,6
14757395258967641292,0,-10,2,-9,-7,-1,-3,-2,-30
14757395258967641292,0,0,0,0,0,0,0,0,0
14757395258967641292,0,0,0,0,0,0,0,0,0
14757395258967641292,-3,9,0,9,0,-4,-2,-3,6
14757395258967641292,0,0,0,0,0,0,0,0,0
14757395258967641292,5,7,5,4,2,-3,-4,-4,12
14757395258967641292,-7,-3,-5,-8,-6,1,-1,-4,-33
14757395258967641292,0,0,0,0,0,0,0,0,0
14757395258967641292,0,-4,-1,0,-3,-2,-7,-5,-22
14757395258967641292,0,0,0,0,0,0,0,0,0
14757395258967641292,0,0,0,0,0,0,0,0,0
14757395258967641292,1,-15,0,-5,-3,-1,-2,1,-24
14757395258967641292,2,-1,2,0,-3,-1,-7,-49,-57
14757395258967641292,0,0,0,0,0,0,0,0,0
14757395258967641292,0,0,0,0,0,0,0,0,0
14757395258967641292,-2,-6,-7,-3,-1,0,1,30,12
14757395258967641292,0,0,0,0,0,0,0,0,0
14757395258967641292,-5,-6,-2,-1,-3,-1,-1,-6,-25
14757395258967641292,-3,-12,-2,-6,-3,-1,-3,-21,-51
14757395258967641292,0,0,0,0,0,0,0,0,0
14757395258967641292,-1,3,0,-2,1,-1,1,18,19
14757395258967641292,0,0,0,0,0,0,0,0,0
14757395258967641292,0,0,0,0,0,0,0,0,0
14757395258967641292,1,5,8,2,-2,-12,-1,4,5
14757395258967641292,3,1,4,-1,13,5,4,6,35
14757395258967641292,0,0,0,0,0,0,0,0,0
14757395258967641292,0,0,0,0,0,0,0,0,0
14757395258967641292,-1,-9,2,-1,-8,-2,0,-4,-23
14757395258967641292,0,0,0,0,0,0,0,0,0
14757395258967641292,-9,4,-1,-2,0,1,-12,-8,-27
14757395258967641292,0,0,0,0,0,0,0,0,0
14757395258967641292,0,0,0,0,0,0,0,0,0
14757395258967641292,-7,-9,-1,-1,-6,-1,3,-17,-39
14757395258967641292,0,0,0,0,0,0,0,0,0
14757395258967641292,0,0,0,0,0,0,0,0,0
14757395258967641292,0,-6,-4,-3,-2,2,-3,4,-12
14757395258967641292,1,-8,5,1,0,-6,-1,12,4
14757395258967641292,0,0,0,0,0,0,0,0,0
14757395258967641292,0,0,0,0,0,0,0,0,0
14757395258967641292,2,19,5,-1,0,0,-3,-7,15
14757395258967641292,0,0,0,0,0,0,0,0,0
14757395258967641292,2,0,-3,3,-1,0,4,16,21
14757395258967641292,0,0,0,0,0,0,0,0,0
14757395258967641292,0,0,0,0,0,0,0,0,0
14757395258967641292,1,-7,-1,-3,-3,-4,-1,3,-15
14757395258967641292,0,0,0,0,0,0,0,0,0
14757395258967641292,0,0,0,0,0,0,0,0,0
14757395258967641292,-4,-3,0,-1,2,7,-7,-10,-16
14757395258967641292,5,1,-6,-3,-5,-4,0,6,-6
14757395258967641292,0,0,0,0,0,0,0,0,0
14757395258967641292,0,0,0,0,0,0,0,0,0
14757395258967641292,5,-4,0,0,-1,-6,1,9,4
14757395258967641292,0,0,0,0,0,0,0,0,0
14757395258967641292,0,4,-1,-1,-1,4,-1,14,18
14757395258967641292,0,0,0,0,0,0,0,0,0
14757395258967641292,0,0,0,0,0,0,0,0,0
14757395258967641292,-2,-2,0,1,-1,-3,2,-24,-29
14757395258967641292,0,0,0,0,0,0,0,0,0
14757395258967641292,0,0,0,0,0,0,0,0,0
14757395258967641292,-5,-23,2,5,-3,1,-3,-20,-46
14757395258967641292,-4,-2,0,-2,-1,-2,0,2,-9
14757395258967641292,0,0,0,0,0,0,0,0,0
14757395258967641292,0,0,0,0,0,0,0,0,0
14757395258967641292,1,3,2,2,-1,-4,0,-1,2
14757395258967641292,0,0,0,0,0,0,0,0,0
14757395258967641292,2,1,-4,-11,6,-3,4,5,0
14757395258967641292,0,0,0,0,0,0,0,0,0
14757395258967641292,0,0,0,0,0,0,0,0,0
14757395258967641292,6,-4,-1,2,-6,9,2,6,14
14757395258967641292,0,0,0,0,0,0,0,0,0
14757395258967641292,0,0,0,0,0,0,0,0,0
14757395258967641292,7,3,-4,-5,-9,-3,1,0,-10
14757395258967641292,-4,-7,-4,5,11,0,-2,1,0
14757395258967641292,0,0,0,0,0,0,0,0,0
14757395258967641292,0,0,0,0,0,0,0,0,0
14757395258967641292,-14,12,-17,-15,-6,-5,2,0,-43
14757395258967641292,0,0,0,0,0,0,0,0,0
14757395258967641292,2,-6,8,6,-6,-3,-3,0,-2
14757395258967641292,0,0,0,0,0,0,0,0,0
14757395258967641292,0,0,0,0,0,0,0,0,0
14757395258967641292,-2,4,-2,8,4,2,-2,9,21
14757395258967641292,0,0,0,0,0,0,0,0,0
14757395258967641292,0,0,0,0,0,0,0,0,0
14757395258967641292,2,-1,4,2,-9,1,5,0,4
14757395258967641292,0,0,0,0,0,0,0,0,0
14757395258967641292,0,1,-3,-1,-3,-1,6,4,3
14757395258967641292,0,0,0,0,0,0,0,0,0
14757395258967641292,9,3,-3,0,1,-3,0,3,10
14757395258967641292,0,0,0,0,0,0,0,0,0
14757395258967641292,-2,2,-2,-2,-1,-1,-3,-2,-11
14757395258967641292,0,0,0,0,0,0,0,0,0
14757395258967641292,0,0,0,0,0,0,0,0,0
14757395258967641292,-12,2,-1,1,-2,-7,-3,-6,-28
14757395258967641292,0,0,0,0,0,0,0,0,0
14757395258967641292,0,0,0,0,0,0,0,0,0
14757395258967641292,5,-4,1,6,7,-5,-1,1,10
14757395258967641292,0,0,0,0,0,0,0,0,0
14757395258967641292,0,5,-2,-13,-13,0,-1,-2,-26
14757395258967641292,0,0,0,0,0,0,0,0,0
14757395258967641292,-7,-2,-5,-1,8,2,-2,-4,-11
14757395258967641292,0,0,0,0,0,0,0,0,0
14757395258967641292,1,7,6,1,-7,-5,-9,-7,-13
14757395258967641292,0,0,0,0,0,0,0,0,0
14757395258967641292,0,0,0,0,0,0,0,0,0
14757395258967641292,4,-2,-6,-5,0,2,5,1,-1
14757395258967641292,0,0,0,0,0,0,0,0,0
14757395258967641292,0,0,0,0,0,0,0,0,0
14757395258967641292,7,-16,1,6,4,2,-5,0,-1
14757395258967641292,0,0,0,0,0,0,0,0,0
14757395258967641292,0,4,-5,-4,-3,-8,-2,1,-17
14757395258967641292,0,0,0,0,0,0,0,0,0
14757395258967641292,-6,20,-5,-7,-1,-2,-2,-5,-8
14757395258967641292,0,0,0,0,0,0,0,0,0
14757395258967641292,0,1,0,0,-1,1,1,-1,1
14757395258967641292,0,0,0,0,0,0,0,0,0
14757395258967641292,0,0,0,0,0,0,0,0,0
14757395258967641292,-4,3,6,5,4,-2,0,-4,8
14757395258967641292,0,0,0,0,0,0,0,0,0
14757395258967641292,0,0,0,0,0,0,0,0,0
14757395258967641292,-2,17,2,-2,-1,0,0,-2,12
14757395258967641292,3,-11,-13,-11,-5,-4,-1,-1,-43
14757395258967641292,0,0,0,0,0,0,0,0,0
14757395258967641292,0,0,0,0,0,0,0,0,0
14757395258967641292,4,3,-2,1,0,0,-9,-3,-6
14757395258967641292,0,0,0,0,0,0,0,0,0
14757395258967641292,2,-1,4,6,-3,-2,0,2,8
14757395258967641292,0,0,0,0,0,0,0,0,0
14757395258967641292,0,0,0,0,0,0,0,0,0
14757395258967641292,3,2,-3,1,0,-2,-2,1,0
14757395258967641292,0,0,0,0,0,0,0,0,0
14757395258967641292,0,0,0,0,0,0,0,0,0
14757395258967641292,-3,-15,4,1,-1,-3,-5,-5,-27
14757395258967641292,-3,-4,-1,-3,-1,-1,-1,-1,-15
14757395258967641292,0,0,0,0,0,0,0,0,0
14757395258967641292,0,0,0,0,0,0,0,0,0
14757395258967641292,-1,7,-1,-8,-6,-5,1,5,-8
14757395258967641292,0,0,0,0,0,0,0,0,0
14757395258967641292,0,0,0,0,0,0,0,0,0
14757395258967641292,0,-5,8,10,6,5,-1,-1,22
14757395258967641292,0,0,0,0,0,0,0,0,0
14757395258967641292,-2,-1,-3,-8,-3,2,-1,0,-16
14757395258967641292,0,0,0,0,0,0,0,0,0
14757395258967641292,0,0,0,0,0,0,0,0,0
14757395258967641292,2,9,-3,-2,-1,-1,8,1,13
14757395258967641292,-6,-7,-1,0,-2,-2,-1,-3,-22
14757395258967641292,0,0,0,0,0,0,0,0,0
14757395258967641292,0,0,0,0,0,0,0,0,0
14757395258967641292,1,-5,7,8,-1,-2,-1,1,8
14757395258967641292,0,0,0,0,0,0,0,0,0
14757395258967641292,-2,-1,-7,-2,0,-2,-4,-1,-19
14757395258967641292,0,0,0,0,0,0,0,0,0
14757395258967641292,0,0,0,0,0,0,0,0,0
14757395258967641292,2,1,1,0,-1,-6,-3,0,-6
14757395258967641292,0,0,0,0,0,0,0,0,0
14757395258967641292,0,0,0,0,0,0,0,0,0
14757395258967641292,3,-4,-4,3,-2,-8,-2,0,-14
14757395258967641292,-12,0,2,5,5,4,1,-2,3
14757395258967641292,0,0,0,0,0,0,0,0,0
14757395258967641292,0,0,0,0,0,0,0,0,0
14757395258967641292,-10,-7,-12,-2,-1,1,-1,1,-31
14757395258967641292,0,0,0,0,0,0,0,0,0
14757395258967641292,1,3,4,0,-2,-3,1,-2,2
14757395258967641292,0,0,0,0,0,0,0,0,0
14757395258967641292,0,0,0,0,0,0,0,0,0
14757395258967641292,2,0,-1,0,0,1,1,0,3
14757395258967641292,0,0,0,0,0,0,0,0,0
14757395258967641292,0,0,0,0,0,0,0,0,0
14757395258967641292,-3,-17,2,11,-4,-2,-2,-2,-17
14757395258967641292,0,-12,-5,2,0,1,0,0,-14
14757395258967641292,0,0,0,0,0,0,0,0,0
14757395258967641292,0,0,0,0,0,0,0,0,0
14757395258967641292,1,22,10,6,2,-1,-1,-3,36
14757395258967641292,0,0,0,0,0,0,0,0,0
14757395258967641292,-1,4,-4,-9,-5,-2,-1,-1,-19
14757395258967641292,0,0,0,0,0,0,0,0,0
14757395258967641292,0,0,0,0,0,0,0,0,0
14757395258967641292,8,18,1,-9,-1,-1,-3,2,15
14757395258967641292,0,0,0,0,0,0,0,0,0
14757395258967641292,0,0,0,0,0,0,0,0,0
14757395258967641292,-3,-5,1,-8,-1,0,-16,-2,-34
14757395258967641292,-9,-24,-6,0,0,3,5,-6,-37
14757395258967641292,0,0,0,0,0,0,0,0,0
14757395258967641292,0,0,0,0,0,0,0,0,0
14757395258967641292,1,-2,-4,-7,0,-1,4,-1,-10
14757395258967641292,0,0,0,0,0,0,0,0,0
14757395258967641292,-1,5,2,4,-1,-3,-3,-4,-1
14757395258967641292,0,0,0,0,0,0,0,0,0
14757395258967641292,0,0,0,0,0,0,0,0,0
14757395258967641292,-3,14,-1,7,0,0,3,-2,18
14757395258967641292,6,16,0,-13,-1,-1,1,2,10
14757395258967641292,0,0,0,0,0,0,0,0,0
14757395258967641292,2,-7,2,7,1,0,3,0,8
14757395258967641292,-1,-5,-3,8,0,-2,-4,-3,-10
14757395258967641292,0,0,0,0,0,0,0,0,0
14757395258967641292,0,0,0,0,0,0,0,0,0
14757395258967641292,-1,-2,-1,-2,0,0,0,-1,-7
14757395258967641292,0,0,0,0,0,0,0,0,0
14757395258967641292,-2,-9,-11,-11,-1,1,-5,-3,-41
14757395258967641292,0,0,0,0,0,0,0,0,0
14757395258967641292,0,0,0,0,0,0,0,0,0
14757395258967641292,-3,-16,-7,-6,1,-1,-1,-4,-37
14757395258967641292,-7,-3,-6,6,-3,-2,-2,2,-15
14757395258967641292,0,0,0,0,0,0,0,0,0
14757395258967641292,-2,-1,-10,-25,-2,-2,-7,-5,-54
14757395258967641292,-5,-15,0,0,-1,0,-1,-1,-23
14757395258967641292,0,0,0,0,0,0,0,0,0
14757395258967641292,0,0,0,0,0,0,0,0,0
14757395258967641292,3,0,7,8,-3,-2,3,3,19
14757395258967641292,0,0,0,0,0,0,0,0,0
14757395258967641292,0,7,3,14,5,4,-1,-4,28
14757395258967641292,0,0,0,0,0,0,0,0,0
14757395258967641292,0,0,0,0,0,0,0,0,0
14757395258967641292,2,12,-3,-5,-4,-1,1,1,3
14757395258967641292,3,3,3,5,-1,-3,1,2,13
14757395258967641292,0,0,0,0,0,0,0,0,0
14757395258967641292,4,2,-8,-8,1,3,-1,-2,-9
14757395258967641292,-3,-6,-3,-3,0,-1,-3,-3,-22
14757395258967641292,0,0,0,0,0,0,0,0,0
14757395258967641292,0,0,0,0,0,0,0,0,0
14757395258967641292,-2,-7,-2,-2,-1,-3,2,5,-10
14757395258967641292,0,0,0,0,0,0,0,0,0
14757395258967641292,-1,-9,-5,-3,-3,-1,1,-6,-27
14757395258967641292,0,0,0,0,0,0,0,0,0
14757395258967641292,0,0,0,0,0,0,0,0,0
14757395258967641292,-5,0,9,-5,-2,-1,0,0,-4
14757395258967641292,-2,-3,2,2,1,2,-1,2,3
14757395258967641292,0,0,0,0,0,0,0,0,0
14757395258967641292,0,0,0,0,0,0,0,0,0
14757395258967641292,0,0,0,0,0,0,0,0,0
14757395258967641292,4,8,11,10,0,1,1,1,36
14757395258967641292,0,0,0,0,0,0,0,0,0
14757395258967641292,-2,4,4,16,2,0,2,2,28
14757395258967641292,0,0,0,0,0,0,0,0,0
14757395258967641292,-4,-12,-7,-13,-4,-3,-1,-1,-45
14757395258967641292,0,0,0,0,0,0,0,0,0
14757395258967641292,0,0,0,0,0,0,0,0,0
14757395258967641292,-1,-1,3,0,1,1,-1,0,2
14757395258967641292,3,0,-3,-1,-1,-1,-3,0,-6
14757395258967641292,0,0,0,0,0,0,0,0,0
14757395258967641292,0,0,0,0,0,0,0,0,0
14757395258967641292,0,0,0,0,0,0,0,0,0
14757395258967641292,3,-7,0,-9,-4,-2,3,-2,-18
14757395258967641292,0,0,0,0,0,0,0,0,0
14757395258967641292,-8,-26,-7,2,-1,0,3,-8,-45
14757395258967641292,0,0,0,0,0,0,0,0,0
14757395258967641292,-4,8,0,-3,-1,-5,-5,-9,-19
14757395258967641292,0,0,0,0,0,0,0,0,0
14757395258967641292,0,0,0,0,0,0,0,0,0
14757395258967641292,-2,12,3,-2,4,0,1,-2,14
14757395258967641292,0,-2,8,6,1,0,2,1,16
14757395258967641292,0,0,0,0,0,0,0,0,0
14757395258967641292,0,0,0,0,0,0,0,0,0
14757395258967641292,-2,2,-10,-7,-2,0,3,1,-15
14757395258967641292,-13,-4,-2,-3,-2,-1,-2,-1,-28
14757395258967641292,0,0,0,0,0,0,0,0,0
14757395258967641292,7,29,-2,-10,-2,-1,-1,-2,18
14757395258967641292,0,0,0,0,0,0,0,0,0
14757395258967641292,4,0,5,1,-1,-1,2,2,12
14757395258967641292,0,0,0,0,0,0,0,0,0
14757395258967641292,0,0,0,0,0,0,0,0,0
14757395258967641292,0,-5,2,-5,0,-1,-1,-1,-11
14757395258967641292,2,13,4,-2,0,0,1,2,20
14757395258967641292,0,0,0,0,0,0,0,0,0
14757395258967641292,0,0,0,0,0,0,0,0,0
14757395258967641292,0,-1,-7,5,-1,-2,-1,2,-5
14757395258967641292,-3,11,0,2,0,1,-1,1,11
14757395258967641292,0,0,0,0,0,0,0,0,0
14757395258967641292,-2,-7,4,4,0,2,1,0,2
14757395258967641292,0,0,0,0,0,0,0,0,0
14757395258967641292,0,-9,3,5,-1,-1,0,1,-2
14757395258967641292,0,0,0,0,0,0,0,0,0
14757395258967641292,0,0,0,0,0,0,0,0,0
14757395258967641292,-4,-4,2,4,-3,1,1,1,-2
14757395258967641292,4,-5,-10,-3,0,-2,16,2,2
14757395258967641292,0,0,0,0,0,0,0,0,0
14757395258967641292,0,0,0,0,0,0,0,0,0
14757395258967641292,-3,-19,0,4,0,-1,2,4,-13
14757395258967641292,-6,-7,-9,2,-2,-1,-4,-3,-30
14757395258967641292,0,0,0,0,0,0,0,0,0
14757395258967641292,-4,2,4,-4,-1,0,0,-3,-6
14757395258967641292,0,0,0,0,0,0,0,0,0
14757395258967641292,2,8,10,10,3,0,-7,-1,25
14757395258967641292,0,0,0,0,0,0,0,0,0
14757395258967641292,0,0,0,0,0,0,0,0,0
14757395258967641292,0,1,-10,-16,-3,-4,-5,-2,-39
14757395258967641292,-3,-20,3,0,0,-2,-4,-3,-29
14757395258967641292,0,0,0,0,0,0,0,0,0
14757395258967641292,0,0,0,0,0,0,0,0,0
14757395258967641292,1,3,-2,2,0,0,2,-1,5
14757395258967641292,0,2,-8,-6,-3,-1,-2,0,-18
14757395258967641292,0,0,0,0,0,0,0,0,0
14757395258967641292,-1,-1,2,4,-1,1,0,-3,1
14757395258967641292,0,0,0,0,0,0,0,0,0
14757395258967641292,4,-3,-9,-8,-1,-2,-4,5,-18
14757395258967641292,0,0,0,0,0,0,0,0,0
14757395258967641292,0,0,0,0,0,0,0,0,0
14757395258967641292,-9,-23,-15,-7,-2,-2,-21,-11,-90
14757395258967641292,0,2,-10,-26,-7,0,0,-3,-44
14757395258967641292,0,0,0,0,0,0,0,0,0
14757395258967641292,0,0,0,0,0,0,0,0,0
14757395258967641292,5,6,9,14,0,0,5,0,39
14757395258967641292,0,0,0,0,0,0,0,0,0
14757395258967641292,0,-2,-1,-4,-2,-3,-5,-1,-18
14757395258967641292,-1,-2,-16,-2,0,1,3,0,-17
14757395258967641292,0,0,0,0,0,0,0,0,0
14757395258967641292,-1,6,3,4,-1,0,1,1,13
14757395258967641292,0,0,0,0,0,0,0,0,0
14757395258967641292,0,0,0,0,0,0,0,0,0
14757395258967641292,0,-5,8,1,1,-1,1,0,5
14757395258967641292,1,7,-6,-7,-4,-3,-1,-2,-15
14757395258967641292,0,0,0,0,0,0,0,0,0
14757395258967641292,0,0,0,0,0,0,0,0,0
14757395258967641292,-1,16,16,28,4,2,1,-1,65
14757395258967641292,-8,-9,-3,11,-2,0,12,-4,-3
14757395258967641292,0,0,0,0,0,0,0,0,0
14757395258967641292,-17,-7,-6,-11,-5,-1,2,-3,-48
14757395258967641292,0,0,0,0,0,0,0,0,0
14757395258967641292,-1,6,-1,-4,-2,-1,1,-3,-5
14757395258967641292,0,0,0,0,0,0,0,0,0
14757395258967641292,0,0,0,0,0,0,0,0,0
14757395258967641292,2,-6,-1,-2,0,0,0,0,-7
14757395258967641292,1,0,0,-5,-1,-1,-5,1,-10
14757395258967641292,0,0,0,0,0,0,0,0,0
14757395258967641292,0,0,0,0,0,0,0,0,0
14757395258967641292,-8,-12,-2,-1,-3,-1,-5,-1,-33
14757395258967641292,4,16,1,-14,-1,-1,-5,-1,-1
14757395258967641292,0,0,0,0,0,0,0,0,0
14757395258967641292,-1,-12,-1,1,2,-1,3,1,-8
14757395258967641292,0,0,0,0,0,0,0,0,0
14757395258967641292,-4,-8,5,8,0,-1,-5,-1,-6
14757395258967641292,0,0,0,0,0,0,0,0,0
14757395258967641292,0,0,0,0,0,0,0,0,0
14757395258967641292,3,2,-3,-8,-2,-1,-1,0,-10
14757395258967641292,0,3,-5,-4,3,0,-3,-3,-9
14757395258967641292,0,0,0,0,0,0,0,0,0
14757395258967641292,0,0,0,0,0,0,0,0,0
14757395258967641292,3,1,8,2,-2,-3,1,1,11
14757395258967641292,-1,0,3,8,1,0,-1,0,10
14757395258967641292,0,0,0,0,0,0,0,0,0
14757395258967641292,2,0,-3,-3,-3,-1,0,-2,-10
14757395258967641292,0,0,0,0,0,0,0,0,0
14757395258967641292,-1,0,0,-2,-1,-1,-1,-1,-7
14757395258967641292,0,0,0,0,0,0,0,0,0
14757395258967641292,0,0,0,0,0,0,0,0,0
14757395258967641292,2,-2,-2,0,1,1,5,1,6
14757395258967641292,-2,-1,-9,1,-4,-3,-1,-2,-21
14757395258967641292,0,0,0,0,0,0,0,0,0
14757395258967641292,0,0,0,0,0,0,0,0,0
14757395258967641292,1,16,6,-7,-1,0,0,-2,13
14757395258967641292,1,0,-5,8,0,0,0,2,6
14757395258967641292,0,0,0,0,0,0,0,0,0
14757395258967641292,2,8,0,-1,-3,-2,-1,0,3
14757395258967641292,0,0,0,0,0,0,0,0,0
14757395258967641292,0,0,5,0,-2,-3,-1,0,-1
14757395258967641292,0,0,0,0,0,0,0,0,0
14757395258967641292,0,0,0,0,0,0,0,0,0
14757395258967641292,-4,-10,-5,0,-1,-3,-3,1,-25
14757395258967641292,1,-6,3,3,-1,-1,-1,-1,-3
14757395258967641292,0,0,0,0,0,0,0,0,0
14757395258967641292,0,0,0,0,0,0,0,0,0
14757395258967641292,-3,-10,-6,-12,-1,-1,0,1,-32
14757395258967641292,2,12,2,-5,-2,-1,-2,-1,5
14757395258967641292,0,0,0,0,0,0,0,0,0
14757395258967641292,13,8,0,-12,-1,-1,-3,0,4
14757395258967641292,0,0,0,0,0,0,0,0,0
14757395258967641292,-2,4,1,-5,-2,1,0,0,-3
14757395258967641292,0,0,0,0,0,0,0,0,0
14757395258967641292,0,0,0,0,0,0,0,0,0
14757395258967641292,2,0,-2,5,0,-1,-1,-2,1
14757395258967641292,-5,-13,1,-1,-3,0,-3,-2,-26
14757395258967641292,0,0,0,0,0,0,0,0,0
14757395258967641292,0,0,0,0,0,0,0,0,0
14757395258967641292,-4,12,1,0,-1,-1,-2,-3,2
14757395258967641292,-1,-14,-15,-4,0,0,-1,0,-35
14757395258967641292,0,0,0,0,0,0,0,0,0
14757395258967641292,0,0,0,0,0,0,0,0,0
14757395258967641292,0,0,0,0,0,0,0,0,0
14757395258967641292,6,6,3,6,-2,1,15,1,36
14757395258967641292,0,0,0,0,0,0,0,0,0
14757395258967641292,0,0,0,0,0,0,0,0,0
14757395258967641292,-4,-13,-11,-6,-1,0,-1,-1,-37
14757395258967641292,-4,0,7,6,2,-1,-2,0,8
14757395258967641292,0,0,0,0,0,0,0,0,0
14757395258967641292,0,0,0,0,0,0,0,0,0
14757395258967641292,3,1,-2,-1,-1,0,1,0,1
14757395258967641292,0,0,0,0,0,0,0,0,0
14757395258967641292,0,0,-2,-4,-3,-1,-6,0,-16
14757395258967641292,-3,0,0,7,2,0,-3,-3,0
14757395258967641292,0,0,0,0,0,0,0,0,0
14757395258967641292,-3,-1,1,-19,-1,-2,-4,-3,-32
14757395258967641292,0,0,0,0,0,0,0,0,0
14757395258967641292,0,0,0,0,0,0,0,0,0
14757395258967641292,-2,-13,-5,7,0,0,1,0,-12
14757395258967641292,-1,-3,0,4,0,-1,-3,-2,-6
14757395258967641292,0,0,0,0,0,0,0,0,0
14757395258967641292,0,0,0,0,0,0,0,0,0
14757395258967641292,1,-7,-8,-14,-4,-1,-1,-2,-36
14757395258967641292,0,0,0,0,0,0,0,0,0
14757395258967641292,-3,-16,2,5,-1,-1,-4,0,-18
14757395258967641292,0,0,0,0,0,0,0,0,0
14757395258967641292,0,0,0,0,0,0,0,0,0
14757395258967641292,-2,4,-5,0,0,1,0,1,-1
14757395258967641292,0,0,0,0,0,0,0,0,0
14757395258967641292,0,0,0,0,0,0,0,0,0
14757395258967641292,-2,5,4,-3,-2,0,0,-3,-1
14757395258967641292,-5,-3,-25,-21,-2,0,-3,-3,-62
14757395258967641292,0,0,0,0,0,0,0,0,0
14757395258967641292,0,0,0,0,0,0,0,0,0
14757395258967641292,-2,-11,-7,-12,-2,-2,-1,2,-35
14757395258967641292,0,0,0,0,0,0,0,0,0
14757395258967641292,4,5,7,8,1,-1,-1,-2,21
14757395258967641292,-2,3,2,2,-1,-2,0,-2,0
14757395258967641292,0,0,0,0,0,0,0,0,0
14757395258967641292,2,6,-10,6,2,0,-1,-1,4
14757395258967641292,0,0,0,0,0,0,0,0,0
14757395258967641292,0,0,0,0,0,0,0,0,0
14757395258967641292,-2,-5,24,11,0,-2,-2,-1,23
14757395258967641292,-1,6,2,1,-1,-2,-2,1,4
14757395258967641292,0,0,0,0,0,0,0,0,0
14757395258967641292,0,0,0,0,0,0,0,0,0
14757395258967641292,-1,9,-11,-11,-3,0,-1,-1,-19
14757395258967641292,0,0,0,0,0,0,0,0,0
14757395258967641292,3,1,5,-2,-1,-2,-2,-1,1
14757395258967641292,0,0,0,0,0,0,0,0,0
14757395258967641292,0,0,0,0,0,0,0,0,0
14757395258967641292,-1,-6,1,2,-2,-3,0,0,-9
14757395258967641292,0,0,0,0,0,0,0,0,0
14757395258967641292,0,0,0,0,0,0,0,0,0
14757395258967641292,1,-1,0,3,-1,-2,-1,0,-1
14757395258967641292,-8,-15,2,-4,-2,-1,-3,-2,-33
14757395258967641292,0,0,0,0,0,0,0,0,0
14757395258967641292,0,0,0,0,0,0,0,0,0
14757395258967641292,0,1,-7,2,-1,1,-1,-1,-6
14757395258967641292,0,0,0,0,0,0,0,0,0
14757395258967641292,-3,-11,-3,11,0,-2,1,-2,-9
14757395258967641292,0,0,0,0,0,0,0,0,0
14757395258967641292,0,0,0,0,0,0,0,0,0
14757395258967641292,-3,-3,-4,4,-4,-2,-3,-2,-17
14757395258967641292,0,0,0,0,0,0,0,0,0
14757395258967641292,0,0,0,0,0,0,0,0,0
14757395258967641292,0,3,3,3,-2,-1,0,0,6
14757395258967641292,4,5,4,-2,1,-1,1,0,12
14757395258967641292,0,0,0,0,0,0,0,0,0
14757395258967641292,0,0,0,0,0,0,0,0,0
14757395258967641292,-2,0,6,-13,-1,1,-2,-4,-15
14757395258967641292,0,0,0,0,0,0,0,0,0
14757395258967641292,2,7,1,1,-2,-1,2,2,12
14757395258967641292,0,0,0,0,0,0,0,0,0
14757395258967641292,0,0,0,0,0,0,0,0,0
14757395258967641292,-1,-2,3,14,0,-1,1,1,15
14757395258967641292,0,0,0,0,0,0,0,0,0
14757395258967641292,-2,-2,-7,-3,-4,-2,-2,-1,-23
14757395258967641292,0,0,0,0,0,0,0,0,0
14757395258967641292,-1,10,-10,-11,1,1,-1,-1,-12
14757395258967641292,-1,-7,9,7,0,1,-1,0,8
14757395258967641292,0,0,0,0,0,0,0,0,0
14757395258967641292,2,-3,-4,0,-3,-1,-1,-1,-11
14757395258967641292,0,0,0,0,0,0,0,0,0
14757395258967641292,-2,-2,-15,-10,1,0,-1,-2,-31
14757395258967641292,0,0,0,0,0,0,0,0,0
14757395258967641292,0,0,0,0,0,0,0,0,0
14757395258967641292,0,1,6,9,1,-2,-2,0,13
14757395258967641292,-4,-5,-16,-9,-4,-4,-2,-1,-45
14757395258967641292,0,0,0,0,0,0,0,0,0
14757395258967641292,0,0,0,0,0,0,0,0,0
14757395258967641292,-4,1,-6,-3,-2,-1,-1,-2,-18
14757395258967641292,-6,-9,-7,-4,2,0,-1,-2,-27
14757395258967641292,0,0,0,0,0,0,0,0,0
14757395258967641292,-1,-4,1,-2,-1,0,-1,-1,-9
14757395258967641292,0,0,0,0,0,0,0,0,0
14757395258967641292,0,6,11,1,-1,0,-2,1,16
14757395258967641292,0,0,0,0,0,0,0,0,0
14757395258967641292,0,0,0,0,0,0,0,0,0
14757395258967641292,2,0,4,9,-2,-1,-2,0,10
14757395258967641292,1,0,-21,3,-3,-1,0,1,-20
14757395258967641292,0,0,0,0,0,0,0,0,0
14757395258967641292,0,0,0,0,0,0,0,0,0
14757395258967641292,-2,-4,0,-13,-4,-2,-2,-2,-29
14757395258967641292,-3,-10,0,-3,-1,-2,-2,-1,-22
14757395258967641292,0,0,0,0,0,0,0,0,0
14757395258967641292,-2,-7,-1,3,0,-1,-1,-2,-11
14757395258967641292,0,0,0,0,0,0,0,0,0
14757395258967641292,-1,0,3,0,-1,-1,1,-1,0
14757395258967641292,0,0,0,0,0,0,0,0,0
14757395258967641292,0,0,0,0,0,0,0,0,0
14757395258967641292,-2,16,-10,-9,1,-2,-2,-3,-11
14757395258967641292,0,8,8,0,1,-1,0,-1,15
14757395258967641292,0,0,0,0,0,0,0,0,0
14757395258967641292,0,0,0,0,0,0,0,0,0
14757395258967641292,-1,-3,-17,2,-1,0,-2,-1,-23
14757395258967641292,0,-3,1,-3,-1,0,-3,-3,-12
14757395258967641292,0,0,0,0,0,0,0,0,0
14757395258967641292,-4,1,2,-1,-1,-1,-1,0,-5
14757395258967641292,0,0,0,0,0,0,0,0,0
14757395258967641292,1,4,3,3,-1,-2,-1,-1,6
14757395258967641292,0,0,0,0,0,0,0,0,0
14757395258967641292,0,0,0,0,0,0,0,0,0
14757395258967641292,-1,-8,-2,0,-4,-2,-1,1,-17
14757395258967641292,0,6,2,-11,-3,-1,-1,-2,-10
14757395258967641292,0,0,0,0,0,0,0,0,0
14757395258967641292,0,0,0,0,0,0,0,0,0
14757395258967641292,0,1,-1,3,3,1,-2,-1,4
14757395258967641292,0,0,0,0,0,0,0,0,0
14757395258967641292,0,5,4,3,1,1,-2,-2,10
14757395258967641292,-2,-3,8,2,-3,-2,-1,-2,-3
14757395258967641292,0,0,0,0,0,0,0,0,0
14757395258967641292,-1,-1,-5,-1,-1,-2,-1,-1,-13
14757395258967641292,0,0,0,0,0,0,0,0,0
14757395258967641292,0,0,0,0,0,0,0,0,0
14757395258967641292,-1,-16,1,-6,0,0,1,0,-21
14757395258967641292,0,-4,-3,-11,-1,1,-1,-1,-20
14757395258967641292,0,0,0,0,0,0,0,0,0
14757395258967641292,0,0,0,0,0,0,0,0,0
14757395258967641292,3,3,2,-3,-1,-1,-1,-1,1
14757395258967641292,0,0,0,0,0,0,0,0,0
14757395258967641292,-1,-3,7,1,-1,-1,-1,-1,0
14757395258967641292,-2,-2,4,0,0,0,1,-2,-1
14757395258967641292,0,0,0,0,0,0,0,0,0
14757395258967641292,-1,0,-10,4,0,-2,-2,-2,-13
14757395258967641292,0,0,0,0,0,0,0,0,0
14757395258967641292,0,0,0,0,0,0,0,0,0
14757395258967641292,-1,-4,-19,-7,-3,-2,-2,0,-38
14757395258967641292,1,-6,2,10,3,-2,-1,-1,6
14757395258967641292,0,0,0,0,0,0,0,0,0
14757395258967641292,0,0,0,0,0,0,0,0,0
14757395258967641292,0,13,-5,-7,-2,-4,1,-1,-5
14757395258967641292,0,0,0,0,0,0,0,0,0
14757395258967641292,0,6,-4,-1,-1,0,0,-1,-1
14757395258967641292,-1,2,10,7,0,-1,-2,-1,14
14757395258967641292,0,0,0,0,0,0,0,0,0
14757395258967641292,2,13,7,7,-1,0,0,-1,27
14757395258967641292,0,0,0,0,0,0,0,0,0
14757395258967641292,0,0,0,0,0,0,0,0,0
14757395258967641292,-2,-8,-3,-7,2,2,0,-1,-17
14757395258967641292,-3,0,-2,-3,-2,0,-2,0,-12
14757395258967641292,0,0,0,0,0,0,0,0,0
14757395258967641292,0,0,0,0,0,0,0,0,0
14757395258967641292,-2,2,2,1,-2,-2,-1,0,-2
14757395258967641292,0,0,0,0,0,0,0,0,0
14757395258967641292,-1,-11,-10,-31,-4,-1,1,-2,-59
14757395258967641292,0,0,0,0,0,0,0,0,0
14757395258967641292,0,0,0,0,0,0,0,0,0
14757395258967641292,-2,-1,-8,-4,-2,-2,-1,-2,-22
14757395258967641292,0,0,0,0,0,0,0,0,0
14757395258967641292,0,0,0,0,0,0,0,0,0
14757395258967641292,-4,-15,2,4,1,-1,0,0,-13
14757395258967641292,-1,9,19,6,-1,-2,-1,-2,27
14757395258967641292,0,0,0,0,0,0,0,0,0
14757395258967641292,0,0,0,0,0,0,0,0,0
14757395258967641292,1,6,5,8,0,-1,-1,-1,17
14757395258967641292,0,0,0,0,0,0,0,0,0
14757395258967641292,-3,-6,-10,1,-2,-1,0,0,-21
14757395258967641292,0,0,0,0,0,0,0,0,0
14757395258967641292,0,0,0,0,0,0,0,0,0
14757395258967641292,-3,-4,0,4,0,-1,-1,-1,-6
14757395258967641292,0,0,0,0,0,0,0,0,0
14757395258967641292,0,0,0,0,0,0,0,0,0
14757395258967641292,-1,3,7,2,-2,-1,0,-1,7
14757395258967641292,1,-9,4,0,1,0,0,0,-3
14757395258967641292,0,0,0,0,0,0,0,0,0
14757395258967641292,0,0,0,0,0,0,0,0,0
14757395258967641292,0,7,-1,-8,1,-1,0,0,-2
14757395258967641292,0,0,0,0,0,0,0,0,0
14757395258967641292,2,0,-4,2,0,-3,0,-1,-4
14757395258967641292,0,0,0,0,0,0,0,0,0
14757395258967641292,0,0,0,0,0,0,0,0,0
14757395258967641292,2,-7,-2,3,-1,-2,-2,1,-8
14757395258967641292,0,0,0,0,0,0,0,0,0
14757395258967641292,0,0,0,0,0,0,0,0,0
14757395258967641292,-2,-3,1,-2,-3,-2,-1,0,-12
14757395258967641292,-3,-2,-8,4,-1,0,-2,-2,-14
14757395258967641292,0,0,0,0,0,0,0,0,0
14757395258967641292,0,0,0,0,0,0,0,0,0
14757395258967641292,0,4,-6,-15,-5,-2,0,-1,-25
14757395258967641292,0,0,0,0,0,0,0,0,0
14757395258967641292,-2,-2,-4,-13,0,-2,0,-2,-25
14757395258967641292,0,0,0,0,0,0,0,0,0
14757395258967641292,0,0,0,0,0,0,0,0,0
14757395258967641292,-1,1,-1,-1,-2,1,-2,-2,-7
14757395258967641292,0,0,0,0,0,0,0,0,0
14757395258967641292,0,0,0,0,0,0,0,0,0
14757395258967641292,0,1,-10,-6,0,0,-1,1,-15
14757395258967641292,0,1,-4,-4,0,-3,-1,-1,-12
14757395258967641292,0,0,0,0,0,0,0,0,0
14757395258967641292,0,0,0,0,0,0,0,0,0
14757395258967641292,-1,-2,-8,-2,-1,-2,-2,-1,-19
14757395258967641292,0,0,0,0,0,0,0,0,0
14757395258967641292,0,-3,9,4,0,1,0,-1,10
14757395258967641292,0,0,0,0,0,0,0,0,0
14757395258967641292,0,0,0,0,0,0,0,0,0
14757395258967641292,-1,-5,4,5,-1,-2,-1,-1,-2
14757395258967641292,0,0,0,0,0,0,0,0,0
14757395258967641292,0,0,0,0,0,0,0,0,0
14757395258967641292,-1,4,-5,2,2,-2,0,-2,-2
14757395258967641292,1,7,4,6,0,0,0,-1,17
14757395258967641292,0,0,0,0,0,0,0,0,0
14757395258967641292,0,0,0,0,0,0,0,0,0
14757395258967641292,0,0,0,0,0,0,0,0,0
14757395258967641292,0,0,0,0,0,0,0,0,0
14757395258967641292,-1,5,-1,-18,-5,0,-2,0,-22
14757395258967641292,0,0,0,0,0,0,0,0,0
14757395258967641292,0,0,0,0,0,0,0,0,0
14757395258967641292,-3,-9,-9,-1,-3,0,0,-1,-26
14757395258967641292,0,0,0,0,0,0,0,0,0
14757395258967641292,0,0,0,0,0,0,0,0,0
14757395258967641292,3,2,10,-6,-3,-1,0,-1,4
14757395258967641292,-4,29,-4,0,-2,-2,-2,-1,14
14757395258967641292,0,0,0,0,0,0,0,0,0
14757395258967641292,0,0,0,0,0,0,0,0,0
14757395258967641292,0,0,3,9,1,0,0,1,14
14757395258967641292,0,0,0,0,0,0,0,0,0
14757395258967641292,-1,-8,0,4,0,0,-1,0,-6
14757395258967641292,0,0,0,0,0,0,0,0,0
14757395258967641292,0,0,0,0,0,0,0,0,0
14757395258967641292,-1,-4,0,-4,-4,-3,-2,-2,-20
14757395258967641292,0,0,0,0,0,0,0,0,0
14757395258967641292,0,0,0,0,0,0,0,0,0
14757395258967641292,0,-4,1,-5,1,-1,-1,-1,-10
14757395258967641292,0,0,0,0,0,0,0,0,0
14757395258967641292,0,-3,-4,6,0,-1,0,-1,-3
14757395258967641292,0,0,0,0,0,0,0,0,0
14757395258967641292,-3,-3,-9,-25,-6,-4,-2,-2,-54
14757395258967641292,0,0,0,0,0,0,0,0,0
14757395258967641292,0,12,7,-4,1,2,0,-2,16
14757395258967641292,0,0,0,0,0,0,0,0,0
14757395258967641292,0,0,0,0,0,0,0,0,0
14757395258967641292,0,-10,-6,15,1,0,-2,-2,-4
14757395258967641292,0,0,0,0,0,0,0,0,0
14757395258967641292,0,0,0,0,0,0,0,0,0
14757395258967641292,3,6,3,2,-3,-2,-2,-1,6
14757395258967641292,1,-5,11,11,4,-1,-1,-1,19
14757395258967641292,0,0,0,0,0,0,0,0,0
14757395258967641292,0,0,0,0,0,0,0,0,0
14757395258967641292,-3,-3,-5,-5,-3,-1,-1,-1,-22
14757395258967641292,0,0,0,0,0,0,0,0,0
14757395258967641292,0,-7,3,1,-4,-4,-2,0,-13
14757395258967641292,0,0,0,0,0,0,0,0,0
14757395258967641292,0,0,0,0,0,0,0,0,0
14757395258967641292,0,-3,-17,-12,-4,-1,0,1,-36
14757395258967641292,0,0,0,0,0,0,0,0,0
14757395258967641292,0,0,0,0,0,0,0,0,0
14757395258967641292,-6,-8,2,-1,-4,0,0,-1,-18
14757395258967641292,-2,-12,-1,7,-2,1,-1,-2,-12
14757395258967641292,0,0,0,0,0,0,0,0,0
14757395258967641292,0,0,0,0,0,0,0,0,0
14757395258967641292,0,0,0,0,0,0,0,0,0
14757395258967641292,0,0,0,0,0,0,0,0,0
14757395258967641292,-3,-1,7,-17,-2,-2,-1,1,-18
14757395258967641292,0,0,0,0,0,0,0,0,0
14757395258967641292,0,0,0,0,0,0,0,0,0
14757395258967641292,-2,-3,-9,-1,2,-1,-1,-1,-16
14757395258967641292,0,0,0,0,0,0,0,0,0
14757395258967641292,0,0,0,0,0,0,0,0,0
14757395258967641292,0,13,0,-13,-4,-3,0,0,-7
14757395258967641292,0,6,-2,14,1,-2,-2,0,15
14757395258967641292,0,0,0,0,0,0,0,0,0
14757395258967641292,0,0,0,0,0,0,0,0,0
14757395258967641292,0,1,4,0,-1,0,-1,1,4
14757395258967641292,0,0,0,0,0,0,0,0,0
14757395258967641292,-8,-14,-13,-9,-7,-2,-2,-4,-59
14757395258967641292,0,0,0,0,0,0,0,0,0
14757395258967641292,0,0,0,0,0,0,0,0,0
14757395258967641292,1,0,0,-1,-2,-1,-2,0,-5
14757395258967641292,0,0,0,0,0,0,0,0,0
14757395258967641292,0,0,0,0,0,0,0,0,0
14757395258967641292,-4,-4,-21,2,0,0,0,-1,-28
14757395258967641292,0,0,0,0,0,0,0,0,0
14757395258967641292,2,2,1,-3,8,-3,0,1,8
14757395258967641292,0,0,0,0,0,0,0,0,0
14757395258967641292,0,5,9,4,0,0,-1,-1,16
14757395258967641292,0,0,0,0,0,0,0,0,0
14757395258967641292,-2,-3,-7,-7,-5,-2,0,-1,-27
14757395258967641292,0,0,0,0,0,0,0,0,0
14757395258967641292,0,0,0,0,0,0,0,0,0
14757395258967641292,-4,-3,5,-5,4,2,-1,-2,-4
14757395258967641292,0,0,0,0,0,0,0,0,0
14757395258967641292,0,0,0,0,0,0,0,0,0
14757395258967641292,-3,-5,5,6,2,2,0,-1,6
14757395258967641292,2,-1,-10,-5,0,1,-2,1,-14
14757395258967641292,0,0,0,0,0,0,0,0,0
14757395258967641292,0,0,0,0,0,0,0,0,0
14757395258967641292,1,4,-12,-10,-12,-9,0,0,-38
14757395258967641292,0,0,0,0,0,0,0,0,0
14757395258967641292,0,-9,7,10,7,9,1,-2,23
14757395258967641292,0,0,0,0,0,0,0,0,0
14757395258967641292,0,0,0,0,0,0,0,0,0
14757395258967641292,2,13,3,-4,-7,-3,0,0,4
14757395258967641292,0,0,0,0,0,0,0,0,0
14757395258967641292,0,0,0,0,0,0,0,0,0
14757395258967641292,1,-2,12,2,1,-1,1,0,14
14757395258967641292,-2,6,4,2,1,-1,-2,0,8
14757395258967641292,0,0,0,0,0,0,0,0,0
14757395258967641292,0,0,0,0,0,0,0,0,0
14757395258967641292,1,0,23,6,-1,-2,0,-1,26
14757395258967641292,0,0,0,0,0,0,0,0,0
14757395258967641292,3,3,7,1,-2,-1,-1,0,10
14757395258967641292,0,0,0,0,0,0,0,0,0
14757395258967641292,0,0,0,0,0,0,0,0,0
14757395258967641292,2,3,-10,2,1,4,-1,1,2
14757395258967641292,0,0,0,0,0,0,0,0,0
14757395258967641292,0,0,0,0,0,0,0,0,0
14757395258967641292,0,0,0,0,0,0,0,0,0
14757395258967641292,0,0,0,0,0,0,0,0,0
14757395258967641292,-3,-8,-24,-7,-5,-4,-1,-1,-53
14757395258967641292,0,0,0,0,0,0,0,0,0
14757395258967641292,-3,-5,-11,-3,-4,-2,-3,-1,-32
14757395258967641292,0,0,0,0,0,0,0,0,0
14757395258967641292,4,1,-7,-4,2,1,2,6,5
14757395258967641292,0,0,0,0,0,0,0,0,0
14757395258967641292,0,0,0,0,0,0,0,0,0
14757395258967641292,0,0,-7,-2,1,0,1,0,-7
14757395258967641292,0,0,12,1,-4,-3,-1,-3,2
14757395258967641292,0,0,0,0,0,0,0,0,0
14757395258967641292,-4,6,4,0,3,0,-1,-2,6
14757395258967641292,0,4,-3,0,1,-1,1,-2,0
14757395258967641292,0,0,0,0,0,0,0,0,0
14757395258967641292,0,0,0,0,0,0,0,0,0
14757395258967641292,-4,-16,-7,-2,-3,-3,0,-2,-37
14757395258967641292,0,0,0,0,0,0,0,0,0
14757395258967641292,-2,1,-1,-3,-5,-1,0,-2,-13
14757395258967641292,0,0,0,0,0,0,0,0,0
14757395258967641292,0,0,0,0,0,0,0,0,0
14757395258967641292,4,7,6,5,9,0,-5,-16,10
14757395258967641292,2,4,4,2,-1,-3,-4,-5,-1
14757395258967641292,0,0,0,0,0,0,0,0,0
14757395258967641292,0,0,0,0,0,0,0,0,0
14757395258967641292,4,7,-3,1,-2,-1,0,-11,-5
14757395258967641292,-1,5,2,4,2,0,-3,-31,-22
14757395258967641292,0,0,0,0,0,0,0,0,0
14757395258967641292,0,4,8,1,-1,0,1,-2,11
14757395258967641292,0,0,0,0,0,0,0,0,0
14757395258967641292,-2,-7,3,-1,-3,-1,-2,1,-12
14757395258967641292,0,0,0,0,0,0,0,0,0
14757395258967641292,0,0,0,0,0,0,0,0,0
14757395258967641292,2,-1,5,1,-2,1,4,-10,0
14757395258967641292,-2,-6,5,2,0,1,0,5,5
14757395258967641292,0,0,0,0,0,0,0,0,0
14757395258967641292,0,0,0,0,0,0,0,0,0
14757395258967641292,-3,3,-8,-3,1,0,1,12,3
14757395258967641292,-3,0,4,3,-1,-2,-3,-13,-15
14757395258967641292,0,0,0,0,0,0,0,0,0
14757395258967641292,-5,-27,-2,-6,-7,-6,-1,27,-27
14757395258967641292,0,0,0,0,0,0,0,0,0
14757395258967641292,-1,-5,9,-2,0,-1,0,1,1
14757395258967641292,0,0,0,0,0,0,0,0,0
14757395258967641292,0,0,0,0,0,0,0,0,0
14757395258967641292,-5,-3,3,0,-3,-2,-2,-4,-16
14757395258967641292,-10,-14,-16,-10,-3,-2,-2,6,-51
14757395258967641292,0,0,0,0,0,0,0,0,0
14757395258967641292,0,0,0,0,0,0,0,0,0
14757395258967641292,-1,-9,-12,-6,-3,-1,-3,1,-34
14757395258967641292,5,-1,20,8,4,5,3,1,45
14757395258967641292,0,0,0,0,0,0,0,0,0
14757395258967641292,-3,-1,-5,-5,-2,1,-4,-7,-26
14757395258967641292,0,0,0,0,0,0,0,0,0
14757395258967641292,-1,-5,-2,-1,3,0,-8,4,-10
14757395258967641292,0,0,0,0,0,0,0,0,0
14757395258967641292,0,0,0,0,0,0,0,0,0
14757395258967641292,10,9,23,14,0,-6,-3,12,59
14757395258967641292,2,9,-6,-3,-5,-1,2,16,14
14757395258967641292,0,0,0,0,0,0,0,0,0
14757395258967641292,0,0,0,0,0,0,0,0,0
14757395258967641292,1,11,10,6,2,-3,2,7,36
14757395258967641292,1,7,-6,-1,-1,-6,0,-5,-11
14757395258967641292,0,0,0,0,0,0,0,0,0
14757395258967641292,-4,-2,-9,-7,-2,9,3,2,-10
14757395258967641292,0,0,0,0,0,0,0,0,0
14757395258967641292,0,-3,-19,-2,0,7,1,-20,-36
14757395258967641292,0,0,0,0,0,0,0,0,0
14757395258967641292,0,0,0,0,0,0,0,0,0
14757395258967641292,-3,-6,-9,-4,-2,3,-2,-9,-32
14757395258967641292,2,1,17,7,-2,-7,-2,14,30
14757395258967641292,0,0,0,0,0,0,0,0,0
14757395258967641292,0,0,0,0,0,0,0,0,0
14757395258967641292,-2,-1,-8,-2,-3,-6,-1,-2,-25
14757395258967641292,2,7,6,0,0,-6,-1,4,12
14757395258967641292,0,0,0,0,0,0,0,0,0
14757395258967641292,0,0,0,0,0,0,0,0,0
14757395258967641292,0,0,0,0,0,0,0,0,0
14757395258967641292,0,0,0,0,0,0,0,0,0
14757395258967641292,3,-6,-24,-5,4,6,4,-13,-31
14757395258967641292,0,0,0,0,0,0,0,0,0
14757395258967641292,-8,-16,-2,0,-2,-3,-3,-5,-39
14757395258967641292,0,0,0,0,0,0,0,0,0
14757395258967641292,0,0,0,0,0,0,0,0,0
14757395258967641292,0,0,0,0,0,0,0,0,0
14757395258967641292,-2,9,10,5,0,1,0,15,38
14757395258967641292,4,11,-9,-4,0,4,-1,-37,-32
14757395258967641292,0,0,0,0,0,0,0,0,0
14757395258967641292,0,0,0,0,0,0,0,0,0
14757395258967641292,0,0,0,0,0,0,0,0,0
14757395258967641292,-12,-4,9,-1,-4,-10,-3,-12,-37
14757395258967641292,-3,4,-20,-8,-1,17,-4,-2,-17
14757395258967641292,0,0,0,0,0,0,0,0,0
14757395258967641292,0,0,0,0,0,0,0,0,0
14757395258967641292,0,0,0,0,0,0,0,0,0
14757395258967641292,0,0,0,0,0,0,0,0,0
14757395258967641292,0,2,-7,-6,-15,-25,-5,-16,-72
14757395258967641292,23,29,6,39,90,30,5,6,228
14757395258967641292,9,9,9,-10,-14,22,6,20,51
14757395258967641292,-6,3,12,-4,-17,-25,1,23,-13
14757395258967641292,-3,-24,-9,-5,1,4,7,-13,-42
14757395258967641292,0,0,0,0,0,0,0,0,0
14757395258967641292,-3,-4,-31,-3,-8,-3,-4,-9,-65
14757395258967641292,0,0,0,0,0,0,0,0,0
14757395258967641292,0,0,0,0,0,0,0,0,0
14757395258967641292,-7,-14,22,1,1,-6,-2,5,0
14757395258967641292,-6,-13,19,3,6,-13,-4,-3,-11
14757395258967641292,0,0,0,0,0,0,0,0,0
14757395258967641292,0,0,0,0,0,0,0,0,0
14757395258967641292,-11,0,-11,0,-2,-13,-14,-80,-131
14757395258967641292,-2,-18,-40,-20,-27,-2,-14,-48,-171
14757395258967641292,0,0,0,0,0,0,0,0,0
14757395258967641292,-17,-25,22,-4,-4,-25,10,0,-43
14757395258967641292,0,0,0,0,0,0,0,0,0
14757395258967641292,15,-2,13,104,119,90,19,46,404
14757395258967641292,0,0,0,0,0,0,0,0,0
14757395258967641292,0,0,0,0,0,0,0,0,0
14757395258967641292,-12,8,-6,-57,-87,-60,-11,9,-216
14757395258967641292,-4,41,30,-13,-25,-35,15,23,32
14757395258967641292,0,0,0,0,0,0,0,0,0
14757395258967641292,0,0,0,0,0,0,0,0,0
14757395258967641292,27,53,-13,-3,-17,9,41,58,155
14757395258967641292,12,-6,-9,-1,4,14,-1,-42,-29
14757395258967641292,0,0,0,0,0,0,0,0,0
14757395258967641292,15,27,-24,-1,14,-4,-24,4,7
14757395258967641292,0,0,0,0,0,0,0,0,0
14757395258967641292,-44,-69,-89,-54,-39,-33,-19,6,-341
14757395258967641292,0,0,0,0,0,0,0,0,0
14757395258967641292,0,0,0,0,0,0,0,0,0
14757395258967641292,12,32,68,93,62,17,14,36,334
14757395258967641292,-10,-51,90,102,82,5,9,-5,222
14757395258967641292,0,0,0,0,0,0,0,0,0
14757395258967641292,0,0,0,0,0,0,0,0,0
14757395258967641292,21,-45,-41,-39,-34,-12,10,27,-113
14757395258967641292,15,20,26,-43,-52,-30,6,44,-14
14757395258967641292,0,0,0,0,0,0,0,0,0
14757395258967641292,-13,-46,-15,-2,1,19,-9,-14,-79
14757395258967641292,0,0,0,0,0,0,0,0,0
14757395258967641292,19,91,13,-18,-25,-2,-1,-21,56
14757395258967641292,0,0,0,0,0,0,0,0,0
14757395258967641292,0,0,0,0,0,0,0,0,0
14757395258967641292,-4,-7,-20,32,-8,15,-23,-43,-58
14757395258967641292,0,0,0,0,0,0,0,0,0
14757395258967641292,0,0,0,0,0,0,0,0,0
14757395258967641292,2,27,-9,15,13,19,11,5,83
14757395258967641292,-7,21,-55,-1,-40,-23,-29,-31,-165
14757395258967641292,26,19,38,6,1,10,14,-8,106
14757395258967641292,0,0,0,0,0,0,0,0,0
14757395258967641292,-32,-66,41,-40,-17,-10,-10,14,-120
14757395258967641292,0,0,0,0,0,0,0,0,0
14757395258967641292,-2,5,-41,2,-80,-40,-56,-8,-220
14757395258967641292,0,0,0,0,0,0,0,0,0
14757395258967641292,0,0,0,0,0,0,0,0,0
14757395258967641292,4,-51,11,-13,14,4,-2,21,-12
14757395258967641292,-2,-70,29,-32,22,-13,-3,30,-39
14757395258967641292,0,0,0,0,0,0,0,0,0
14757395258967641292,0,0,0,0,0,0,0,0,0
14757395258967641292,-16,-62,3,15,2,9,-10,-14,-73
14757395258967641292,-17,-36,-3,-44,-55,-10,5,-20,-180
14757395258967641292,0,0,0,0,0,0,0,0,0
14757395258967641292,-11,58,38,3,25,13,30,73,229
14757395258967641292,0,0,0,0,0,0,0,0,0
14757395258967641292,-3,5,-23,-15,-54,-46,-23,-6,-165
14757395258967641292,0,0,0,0,0,0,0,0,0
14757395258967641292,0,0,0,0,0,0,0,0,0
14757395258967641292,0,0,0,0,0,0,0,0,0
14757395258967641292,33,108,16,20,41,90,37,82,427
14757395258967641292,-19,-4,14,24,99,41,19,58,232
14757395258967641292,0,0,0,0,0,0,0,0,0
14757395258967641292,-6,-16,3,-56,-101,-105,-25,36,-270
14757395258967641292,64,90,-24,8,36,23,5,-20,182
14757395258967641292,0,0,0,0,0,0,0,0,0
14757395258967641292,0,0,0,0,0,0,0,0,0
14757395258967641292,0,0,0,0,0,0,0,0,0
14757395258967641292,0,0,0,0,0,0,0,0,0
14757395258967641292,0,0,0,0,0,0,0,0,0
14757395258967641292,0,0,0,0,0,0,0,0,0
14757395258967641292,-16,-50,10,-14,-20,-17,-8,9,-106
14757395258967641292,0,0,0,0,0,0,0,0,0
14757395258967641292,0,0,0,0,0,0,0,0,0
14757395258967641292,0,0,0,0,0,0,0,0,0
14757395258967641292,-17,58,-72,7,8,18,7,-8,1
14757395258967641292,0,0,0,0,0,0,0,0,0
14757395258967641292,0,-61,78,17,87,56,-1,36,212
14757395258967641292,0,0,0,0,0,0,0,0,0
14757395258967641292,0,0,0,0,0,0,0,0,0
14757395258967641292,-3,12,41,-67,50,16,-8,-38,3
14757395258967641292,2,35,-61,1,30,20,22,-78,-29
14757395258967641292,0,0,0,0,0,0,0,0,0
14757395258967641292,-26,20,-35,11,61,31,-12,7,57
14757395258967641292,-38,-111,65,65,85,104,12,-3,179
14757395258967641292,0,0,0,0,0,0,0,0,0
14757395258967641292,0,0,0,0,0,0,0,0,0
14757395258967641292,-17,-16,8,-64,-70,-43,-8,-3,-213
14757395258967641292,0,0,0,0,0,0,0,0,0
14757395258967641292,9,29,14,-88,-128,-85,0,-42,-291
14757395258967641292,-83,-24,29,127,127,81,3,-108,152
14757395258967641292,0,0,0,0,0,0,0,0,0
14757395258967641292,1,-6,-70,-86,-120,-108,-21,59,-351
14757395258967641292,0,0,0,0,0,0,0,0,0
14757395258967641292,0,0,0,0,0,0,0,0,0
14757395258967641292,-1,-8,-10,-11,15,33,-5,6,19
14757395258967641292,-33,19,-20,-42,-128,-104,-28,-8,-344
14757395258967641292,0,0,0,0,0,0,0,0,0
14757395258967641292,0,0,0,0,0,0,0,0,0
14757395258967641292,-8,39,101,90,118,100,23,16,479
14757395258967641292,0,0,0,0,0,0,0,0,0
14757395258967641292,44,29,-36,-25,5,-22,7,-2,0
14757395258967641292,0,0,0,0,0,0,0,0,0
14757395258967641292,0,0,0,0,0,0,0,0,0
14757395258967641292,1,113,85,55,49,54,39,-20,376
14757395258967641292,0,0,0,0,0,0,0,0,0
14757395258967641292,0,0,0,0,0,0,0,0,0
14757395258967641292,-4,-54,-30,-57,-125,-43,-1,5,-309
14757395258967641292,38,-1,-12,39,14,7,15,93,193
14757395258967641292,0,0,0,0,0,0,0,0,0
14757395258967641292,0,0,0,0,0,0,0,0,0
14757395258967641292,-9,18,29,5,-35,-1,-23,-47,-63
14757395258967641292,0,0,0,0,0,0,0,0,0
14757395258967641292,0,0,0,0,0,0,0,0,0
14757395258967641292,-13,-71,43,35,17,19,-5,-8,17
14757395258967641292,0,0,0,0,0,0,0,0,0
14757395258967641292,4,52,-43,32,97,6,-19,26,155
14757395258967641292,0,0,0,0,0,0,0,0,0
14757395258967641292,0,0,0,0,0,0,0,0,0
14757395258967641292,0,0,0,0,0,0,0,0,0
14757395258967641292,0,0,0,0,0,0,0,0,0
14757395258967641292,0,0,0,0,0,0,0,0,0
14757395258967641292,23,66,-23,39,44,-22,-1,2,128
14757395258967641292,0,0,0,0,0,0,0,0,0
14757395258967641292,-20,-5,-63,-36,-15,13,7,25,-94
14757395258967641292,0,0,0,0,0,0,0,0,0
14757395258967641292,0,0,0,0,0,0,0,0,0
14757395258967641292,0,0,0,0,0,0,0,0,0
14757395258967641292,22,-80,-23,-12,-22,24,13,-39,-117
14757395258967641292,0,0,0,0,0,0,0,0,0
14757395258967641292,0,0,0,0,0,0,0,0,0
14757395258967641292,0,0,0,0,0,0,0,0,0
14757395258967641292,8,-11,55,13,39,-15,11,55,155
14757395258967641292,13,45,13,74,88,78,6,-40,277
14757395258967641292,0,0,0,0,0,0,0,0,0
14757395258967641292,0,0,0,0,0,0,0,0,0
14757395258967641292,0,0,0,0,0,0,0,0,0
14757395258967641292,-17,-14,-17,-49,-76,-68,17,-26,-250
14757395258967641292,0,0,0,0,0,0,0,0,0
14757395258967641292,0,0,0,0,0,0,0,0,0
14757395258967641292,12,-3,3,-29,-51,-27,-22,97,-20
14757395258967641292,0,0,0,0,0,0,0,0,0
14757395258967641292,0,0,0,0,0,0,0,0,0
14757395258967641292,-35,34,-17,28,20,-4,39,-32,33
14757395258967641292,-27,-27,7,-24,-13,-10,-17,-53,-164
14757395258967641292,0,0,0,0,0,0,0,0,0
14757395258967641292,0,0,0,0,0,0,0,0,0
14757395258967641292,-33,-74,-10,-50,-111,-36,-28,-15,-357
14757395258967641292,0,0,0,0,0,0,0,0,0
14757395258967641292,-22,18,15,51,-14,30,15,-49,44
14757395258967641292,0,0,0,0,0,0,0,0,0
14757395258967641292,0,0,0,0,0,0,0,0,0
14757395258967641292,0,0,0,0,0,0,0,0,0
14757395258967641292,7,-34,-42,94,87,23,6,-29,112
14757395258967641292,9,61,-3,-37,-26,-26,-12,30,-4
14757395258967641292,0,0,0,0,0,0,0,0,0
14757395258967641292,0,0,0,0,0,0,0,0,0
14757395258967641292,0,0,0,0,0,0,0,0,0
14757395258967641292,-1,-4,35,-15,-33,-51,12,40,-17
14757395258967641292,0,0,0,0,0,0,0,0,0
14757395258967641292,0,0,0,0,0,0,0,0,0
14757395258967641292,0,0,0,0,0,0,0,0,0
14757395258967641292,1,-5,8,4,-1,3,-10,16,16
14757395258967641292,0,0,0,0,0,0,0,0,0
14757395258967641292,-18,24,-15,2,-61,-5,-12,-49,-134
14757395258967641292,0,0,0,0,0,0,0,0,0
14757395258967641292,0,0,0,0,0,0,0,0,0
14757395258967641292,0,0,0,0,0,0,0,0,0
14757395258967641292,7,5,-69,31,44,120,2,19,159
14757395258967641292,5,-8,35,5,-58,-18,-3,-13,-55
14757395258967641292,0,0,0,0,0,0,0,0,0
14757395258967641292,0,0,0,0,0,0,0,0,0
14757395258967641292,0,0,0,0,0,0,0,0,0
14757395258967641292,-37,-31,-48,-32,13,10,19,35,-71
14757395258967641292,0,0,0,0,0,0,0,0,0
14757395258967641292,0,0,0,0,0,0,0,0,0
14757395258967641292,0,0,0,0,0,0,0,0,0
14757395258967641292,2,22,18,-2,6,-17,2,-76,-45
14757395258967641292,0,0,0,0,0,0,0,0,0
14757395258967641292,41,21,0,-9,-24,-26,4,15,22
14757395258967641292,0,0,0,0,0,0,0,0,0
14757395258967641292,0,0,0,0,0,0,0,0,0
14757395258967641292,0,0,0,0,0,0,0,0,0
14757395258967641292,28,59,12,-22,-56,-4,-15,60,62
14757395258967641292,7,18,-34,-6,22,34,-4,-37,0
14757395258967641292,0,0,0,0,0,0,0,0,0
14757395258967641292,0,0,0,0,0,0,0,0,0
14757395258967641292,0,0,0,0,0,0,0,0,0
14757395258967641292,7,8,20,27,72,5,2,17,158
14757395258967641292,-2,-58,-13,-37,-7,21,-41,-30,-167
14757395258967641292,0,0,0,0,0,0,0,0,0
14757395258967641292,0,0,0,0,0,0,0,0,0
14757395258967641292,0,0,0,0,0,0,0,0,0
14757395258967641292,0,0,0,0,0,0,0,0,0
14757395258967641292,-1,-23,-20,1,61,17,-11,-22,2
14757395258967641292,0,0,0,0,0,0,0,0,0
14757395258967641292,0,0,0,0,0,0,0,0,0
14757395258967641292,0,0,0,0,0,0,0,0,0
14757395258967641292,0,0,0,0,0,0,0,0,0
14757395258967641292,-27,3,-10,-7,-25,-21,-2,11,-78
14757395258967641292,0,0,0,0,0,0,0,0,0
14757395258967641292,0,0,0,0,0,0,0,0,0
14757395258967641292,0,0,0,0,0,0,0,0,0
14757395258967641292,12,-5,1,2,8,13,-1,22,52
14757395258967641292,9,14,41,35,37,-14,5,-35,92
14757395258967641292,0,0,0,0,0,0,0,0,0
14757395258967641292,0,0,0,0,0,0,0,0,0
14757395258967641292,0,0,0,0,0,0,0,0,0
14757395258967641292,0,0,0,0,0,0,0,0,0
14757395258967641292,10,37,28,8,19,1,5,6,114
14757395258967641292,0,0,0,0,0,0,0,0,0
14757395258967641292,0,0,0,0,0,0,0,0,0
14757395258967641292,0,0,0,0,0,0,0,0,0
14757395258967641292,19,-42,-10,-31,-52,-32,0,21,-127
14757395258967641292,5,-19,6,8,-2,-16,18,-16,-16
14757395258967641292,0,0,0,0,0,0,0,0,0
14757395258967641292,0,0,0,0,0,0,0,0,0
14757395258967641292,0,0,0,0,0,0,0,0,0
14757395258967641292,6,7,-2,-6,-14,-12,-3,-8,-32
14757395258967641292,-15,-1,15,18,58,39,15,-16,113
14757395258967641292,0,0,0,0,0,0,0,0,0
14757395258967641292,0,0,0,0,0,0,0,0,0
14757395258967641292,0,0,0,0,0,0,0,0,0
14757395258967641292,0,0,0,0,0,0,0,0,0
14757395258967641292,-15,-52,-29,-17,-10,-12,-5,10,-130
14757395258967641292,0,0,0,0,0,0,0,0,0
14757395258967641292,0,0,0,0,0,0,0,0,0
14757395258967641292,0,0,0,0,0,0,0,0,0
14757395258967641292,-5,3,26,-5,21,8,4,1,53
14757395258967641292,0,0,0,0,0,0,0,0,0
14757395258967641292,-3,-20,-4,10,-7,0,-4,14,-14
14757395258967641292,-4,16,-3,-2,-17,-8,-13,-10,-41
14757395258967641292,0,0,0,0,0,0,0,0,0
14757395258967641292,-6,8,4,6,3,-11,-10,7,1
14757395258967641292,0,31,-10,0,7,5,-2,7,38
14757395258967641292,0,0,0,0,0,0,0,0,0
14757395258967641292,-8,7,10,-2,-7,0,1,-44,-43
14757395258967641292,2,-15,7,-3,-4,-6,-3,6,-16
14757395258967641292,0,0,0,0,0,0,0,0,0
14757395258967641292,-3,-16,8,5,-11,-4,0,6,-15
14757395258967641292,2,-4,-15,2,7,-2,4,12,6
14757395258967641292,0,0,0,0,0,0,0,0,0
14757395258967641292,-2,11,8,2,-2,2,6,9,34
14757395258967641292,1,2,-24,-13,-6,-4,-5,4,-45
14757395258967641292,0,-16,3,0,-3,2,-2,-4,-20
14757395258967641292,6,5,0,-9,-6,-14,3,11,-4
14757395258967641292,0,0,0,0,0,0,0,0,0
14757395258967641292,0,0,0,0,0,0,0,0,0
14757395258967641292,3,-6,-5,-5,-8,0,-14,3,-32
14757395258967641292,0,0,0,0,0,0,0,0,0
14757395258967641292,0,0,0,0,0,0,0,0,0
14757395258967641292,0,0,0,0,0,0,0,0,0
14757395258967641292,-5,-7,4,-2,-3,-4,0,-1,-18
14757395258967641292,0,0,0,0,0,0,0,0,0
14757395258967641292,0,0,0,0,0,0,0,0,0
14757395258967641292,-1,-9,-5,6,-1,-1,-1,-1,-13
14757395258967641292,0,0,0,0,0,0,0,0,0
14757395258967641292,4,4,-3,-1,-6,-7,3,3,-3
14757395258967641292,0,0,0,0,0,0,0,0,0
14757395258967641292,0,0,0,0,0,0,0,0,0
14757395258967641292,3,-3,-4,-8,-1,6,-9,-3,-19
14757395258967641292,0,0,0,0,0,0,0,0,0
14757395258967641292,0,0,0,0,0,0,0,0,0
14757395258967641292,0,0,0,0,0,0,0,0,0
14757395258967641292,-4,-21,-8,-2,-2,-4,-1,-2,-44
14757395258967641292,0,0,0,0,0,0,0,0,0
14757395258967641292,0,0,0,0,0,0,0,0,0
14757395258967641292,-1,12,-2,5,3,6,7,-7,23
14757395258967641292,0,0,0,0,0,0,0,0,0
14757395258967641292,-5,3,-1,-1,-1,0,7,-1,1
14757395258967641292,0,0,0,0,0,0,0,0,0
14757395258967641292,0,0,0,0,0,0,0,0,0
14757395258967641292,-1,-6,-5,-2,-3,-8,-3,-5,-33
14757395258967641292,-3,-4,6,2,0,1,1,14,17
14757395258967641292,0,0,0,0,0,0,0,0,0
14757395258967641292,0,0,0,0,0,0,0,0,0
14757395258967641292,-6,-20,-5,-2,0,5,4,-1,-25
14757395258967641292,0,0,0,0,0,0,0,0,0
14757395258967641292,0,0,0,0,0,0,0,0,0
14757395258967641292,4,-3,-7,-8,-6,-5,0,5,-20
14757395258967641292,0,0,0,0,0,0,0,0,0
14757395258967641292,-2,17,1,-11,2,-13,-12,-6,-24
14757395258967641292,0,0,0,0,0,0,0,0,0
14757395258967641292,0,0,0,0,0,0,0,0,0
14757395258967641292,-4,0,2,1,2,3,-2,-8,-6
14757395258967641292,1,19,5,7,-4,3,-5,-2,24
14757395258967641292,0,0,0,0,0,0,0,0,0
14757395258967641292,0,0,0,0,0,0,0,0,0
14757395258967641292,-1,-11,-5,-7,-4,-3,5,3,-23
14757395258967641292,0,0,0,0,0,0,0,0,0
14757395258967641292,0,0,0,0,0,0,0,0,0
14757395258967641292,-1,0,0,-3,-5,-6,-3,4,-14
14757395258967641292,0,0,0,0,0,0,0,0,0
14757395258967641292,-3,15,-3,-5,2,0,-1,-5,0
14757395258967641292,0,0,0,0,0,0,0,0,0
14757395258967641292,0,0,0,0,0,0,0,0,0
14757395258967641292,0,3,2,13,1,0,4,0,23
14757395258967641292,5,1,0,1,-1,-8,10,11,19
14757395258967641292,0,0,0,0,0,0,0,0,0
14757395258967641292,0,0,0,0,0,0,0,0,0
14757395258967641292,-2,-2,-1,5,2,10,6,-1,17
14757395258967641292,4,19,4,5,3,4,-1,-5,33
14757395258967641292,0,0,0,0,0,0,0,0,0
14757395258967641292,0,0,0,0,0,0,0,0,0
14757395258967641292,2,4,-3,-7,-3,-2,0,-2,-11
14757395258967641292,3,1,3,1,-2,-1,3,-5,3
14757395258967641292,0,0,0,0,0,0,0,0,0
14757395258967641292,0,0,0,0,0,0,0,0,0
14757395258967641292,4,9,2,-6,1,-5,-3,3,5
14757395258967641292,7,7,-7,-7,-1,0,19,2,20
14757395258967641292,0,0,0,0,0,0,0,0,0
14757395258967641292,0,0,0,0,0,0,0,0,0
14757395258967641292,0,0,0,0,0,0,0,0,0
14757395258967641292,0,0,0,0,0,0,0,0,0
14757395258967641292,0,0,0,0,0,0,0,0,0
14757395258967641292,-2,0,0,2,-2,-7,-1,5,-5
14757395258967641292,-5,-17,6,-1,1,5,-6,-5,-22
14757395258967641292,0,0,0,0,0,0,0,0,0
14757395258967641292,0,0,0,0,0,0,0,0,0
14757395258967641292,0,0,0,0,0,0,0,0,0
14757395258967641292,0,3,7,-3,-1,6,-6,-3,3
14757395258967641292,4,19,8,6,0,2,-4,2,37
14757395258967641292,0,0,0,0,0,0,0,0,0
14757395258967641292,0,0,0,0,0,0,0,0,0
14757395258967641292,-6,-22,-3,1,-2,-4,-2,6,-32
14757395258967641292,0,0,0,0,0,0,0,0,0
14757395258967641292,0,-1,-30,-4,-3,-1,7,-16,-48
14757395258967641292,0,0,0,0,0,0,0,0,0
14757395258967641292,0,0,0,0,0,0,0,0,0
14757395258967641292,0,0,0,0,0,0,0,0,0
14757395258967641292,0,0,0,0,0,0,0,0,0
14757395258967641292,-4,-12,1,4,5,-7,-1,0,-14
14757395258967641292,0,0,0,0,0,0,0,0,0
14757395258967641292,0,0,0,0,0,0,0,0,0
14757395258967641292,0,0,0,0,0,0,0,0,0
14757395258967641292,-2,-3,-8,8,-5,-12,0,-6,-28
14757395258967641292,-10,-15,-14,-11,-4,-4,-17,-9,-84
14757395258967641292,0,0,0,0,0,0,0,0,0
14757395258967641292,0,0,0,0,0,0,0,0,0
14757395258967641292,0,0,0,0,0,0,0,0,0
14757395258967641292,0,0,0,0,0,0,0,0,0
14757395258967641292,-1,-20,6,-1,-4,-5,-5,2,-28
14757395258967641292,0,0,0,0,0,0,0,0,0
14757395258967641292,0,0,0,0,0,0,0,0,0
14757395258967641292,0,0,0,0,0,0,0,0,0
14757395258967641292,3,0,-10,-2,0,-3,10,-4,-6
14757395258967641292,-5,-8,7,1,-2,1,-7,-11,-24
14757395258967641292,0,0,0,0,0,0,0,0,0
14757395258967641292,0,0,0,0,0,0,0,0,0
14757395258967641292,0,0,0,0,0,0,0,0,0
14757395258967641292,1,1,3,-4,0,2,-5,-1,-3
14757395258967641292,0,0,0,0,0,0,0,0,0
14757395258967641292,3,1,7,7,-2,-5,-1,-4,6
14757395258967641292,0,0,0,0,0,0,0,0,0
14757395258967641292,0,0,0,0,0,0,0,0,0
14757395258967641292,0,0,0,0,0,0,0,0,0
14757395258967641292,-5,9,-6,0,0,9,-3,6,10
14757395258967641292,0,0,0,0,0,0,0,0,0
14757395258967641292,0,0,0,0,0,0,0,0,0
14757395258967641292,0,0,0,0,0,0,0,0,0
14757395258967641292,-6,-3,-7,2,2,8,-8,8,-4
14757395258967641292,-1,-9,-6,2,-8,-7,-13,-1,-43
14757395258967641292,0,0,0,0,0,0,0,0,0
14757395258967641292,0,0,0,0,0,0,0,0,0
14757395258967641292,0,0,0,0,0,0,0,0,0
14757395258967641292,13,14,8,-3,1,6,-6,4,37
14757395258967641292,0,0,0,0,0,0,0,0,0
14757395258967641292,0,0,0,0,0,0,0,0,0
14757395258967641292,-5,5,-15,-6,2,-2,1,1,-19
14757395258967641292,0,0,0,0,0,0,0,0,0
14757395258967641292,0,0,0,0,0,0,0,0,0
14757395258967641292,-2,-11,0,11,3,-7,-3,-2,-11
14757395258967641292,-4,22,2,2,-2,-1,-25,-3,-9
14757395258967641292,0,0,0,0,0,0,0,0,0
14757395258967641292,0,0,0,0,0,0,0,0,0
14757395258967641292,4,-10,-1,-3,1,-4,-3,-9,-25
14757395258967641292,0,0,0,0,0,0,0,0,0
14757395258967641292,3,17,7,-3,0,-2,11,17,50
14757395258967641292,0,0,0,0,0,0,0,0,0
14757395258967641292,0,0,0,0,0,0,0,0,0
14757395258967641292,0,0,0,0,0,0,0,0,0
14757395258967641292,-8,-19,7,4,-2,1,-11,-6,-34
14757395258967641292,2,1,-14,-4,2,1,6,-4,-10
14757395258967641292,0,0,0,0,0,0,0,0,0
14757395258967641292,0,0,0,0,0,0,0,0,0
14757395258967641292,0,0,0,0,0,0,0,0,0
14757395258967641292,-6,-4,7,1,-2,2,6,3,7
14757395258967641292,0,0,0,0,0,0,0,0,0
14757395258967641292,0,0,0,0,0,0,0,0,0
14757395258967641292,0,0,0,0,0,0,0,0,0
14757395258967641292,0,3,-7,-14,-7,-8,-7,1,-39
14757395258967641292,0,0,0,0,0,0,0,0,0
14757395258967641292,-4,5,-8,5,1,5,5,3,12
14757395258967641292,0,0,0,0,0,0,0,0,0
14757395258967641292,0,0,0,0,0,0,0,0,0
14757395258967641292,0,0,0,0,0,0,0,0,0
14757395258967641292,3,-1,-3,4,-5,-4,16,-1,9
14757395258967641292,-7,-8,4,1,-2,-1,4,-12,-21
14757395258967641292,0,0,0,0,0,0,0,0,0
14757395258967641292,0,0,0,0,0,0,0,0,0
14757395258967641292,0,0,0,0,0,0,0,0,0
14757395258967641292,1,2,-2,3,4,0,30,8,46
14757395258967641292,5,-16,3,-1,-1,-5,-6,-6,-27
14757395258967641292,0,0,0,0,0,0,0,0,0
14757395258967641292,0,0,0,0,0,0,0,0,0
14757395258967641292,-4,14,1,2,1,9,-6,1,18
14757395258967641292,0,0,0,0,0,0,0,0,0
14757395258967641292,-8,13,2,-13,-1,0,8,-2,-1
14757395258967641292,0,0,0,0,0,0,0,0,0
14757395258967641292,0,0,0,0,0,0,0,0,0
14757395258967641292,0,0,0,0,0,0,0,0,0
14757395258967641292,4,-9,7,-1,-8,-7,-8,6,-16
14757395258967641292,0,-40,-1,-11,-4,-15,-5,-2,-78
14757395258967641292,0,0,0,0,0,0,0,0,0
14757395258967641292,0,0,0,0,0,0,0,0,0
14757395258967641292,0,0,0,0,0,0,0,0,0
14757395258967641292,-4,-5,4,3,2,-1,-5,-6,-12
14757395258967641292,11,10,4,1,1,0,4,0,31
14757395258967641292,0,0,0,0,0,0,0,0,0
14757395258967641292,0,0,0,0,0,0,0,0,0
14757395258967641292,0,0,0,0,0,0,0,0,0
14757395258967641292,0,0,0,0,0,0,0,0,0
14757395258967641292,7,-5,1,-4,-1,6,22,-23,3
14757395258967641292,0,0,0,0,0,0,0,0,0
14757395258967641292,0,0,0,0,0,0,0,0,0
14757395258967641292,0,0,0,0,0,0,0,0,0
14757395258967641292,4,5,-1,-5,-1,5,9,37,53
14757395258967641292,3,-4,3,6,-1,1,-2,-13,-7
14757395258967641292,-5,-4,7,10,1,5,-7,7,14
14757395258967641292,-3,-2,1,5,-2,-4,-14,1,-18
14757395258967641292,0,0,0,0,0,0,0,0,0
14757395258967641292,-5,1,-5,3,-1,2,-2,14,7
14757395258967641292,-3,-3,5,2,-3,-2,-7,3,-8
14757395258967641292,0,0,0,0,0,0,0,0,0
14757395258967641292,8,15,-15,-15,-5,-3,9,10,4
14757395258967641292,-5,2,-1,7,-1,-1,-5,-6,-10
14757395258967641292,0,0,0,0,0,0,0,0,0
14757395258967641292,6,-8,-7,-5,-1,-4,6,4,-9
14757395258967641292,-10,-16,0,7,8,3,-5,-2,-15
14757395258967641292,0,0,0,0,0,0,0,0,0
14757395258967641292,-7,11,7,-2,-2,1,-8,-3,-3
14757395258967641292,-1,1,12,13,0,-6,1,-1,19
14757395258967641292,0,0,0,0,0,0,0,0,0
14757395258967641292,0,0,0,0,0,0,0,0,0
14757395258967641292,-3,-4,-10,-21,-8,-4,-3,-4,-57
14757395258967641292,4,2,-15,-9,-4,0,-8,-2,-32
14757395258967641292,0,0,0,0,0,0,0,0,0
14757395258967641292,0,0,0,0,0,0,0,0,0
14757395258967641292,0,0,0,0,0,0,0,0,0
14757395258967641292,1,-14,-2,-4,-3,-1,4,7,-12
14757395258967641292,0,0,0,0,0,0,0,0,0
14757395258967641292,0,0,0,0,0,0,0,0,0
14757395258967641292,2,3,-2,3,3,-1,-11,-3,-6
14757395258967641292,-4,10,6,0,1,1,5,-4,15
14757395258967641292,0,0,0,0,0,0,0,0,0
14757395258967641292,0,0,0,0,0,0,0,0,0
14757395258967641292,-10,0,8,4,-2,-2,3,0,1
14757395258967641292,0,0,0,0,0,0,0,0,0
14757395258967641292,0,-4,-13,-1,-1,2,-6,-2,-25
14757395258967641292,0,0,0,0,0,0,0,0,0
14757395258967641292,0,0,0,0,0,0,0,0,0
14757395258967641292,-2,12,3,-4,-2,1,-1,-6,1
14757395258967641292,0,0,0,0,0,0,0,0,0
14757395258967641292,0,0,0,0,0,0,0,0,0
14757395258967641292,2,-12,4,11,-5,-8,0,2,-6
14757395258967641292,-9,-8,-3,-1,-5,-1,-7,-4,-38
14757395258967641292,0,0,0,0,0,0,0,0,0
14757395258967641292,0,0,0,0,0,0,0,0,0
14757395258967641292,5,12,11,-3,-1,0,11,5,40
14757395258967641292,0,0,0,0,0,0,0,0,0
14757395258967641292,2,-3,-6,-1,-1,-1,2,3,-5
14757395258967641292,0,0,0,0,0,0,0,0,0
14757395258967641292,0,0,0,0,0,0,0,0,0
14757395258967641292,4,2,2,-1,1,0,1,0,9
14757395258967641292,0,0,0,0,0,0,0,0,0
14757395258967641292,0,0,0,0,0,0,0,0,0
14757395258967641292,14,-6,4,-4,-1,1,-2,4,10
14757395258967641292,5,4,1,-2,0,-1,-4,-2,1
14757395258967641292,0,0,0,0,0,0,0,0,0
14757395258967641292,0,0,0,0,0,0,0,0,0
14757395258967641292,-2,9,-11,0,-1,3,5,9,12
14757395258967641292,0,0,0,0,0,0,0,0,0
14757395258967641292,1,-25,-1,0,0,0,-2,2,-25
14757395258967641292,0,0,0,0,0,0,0,0,0
14757395258967641292,0,0,0,0,0,0,0,0,0
14757395258967641292,-4,4,-5,-10,-4,-3,-3,3,-22
14757395258967641292,0,0,0,0,0,0,0,0,0
14757395258967641292,0,0,0,0,0,0,0,0,0
14757395258967641292,-3,-1,-2,-6,-4,-4,-4,-9,-33
14757395258967641292,0,0,0,0,0,0,0,0,0
14757395258967641292,0,0,0,0,0,0,0,0,0
14757395258967641292,1,6,9,2,-3,3,1,-2,17
14757395258967641292,-7,5,-2,-5,-1,1,-2,-4,-15
14757395258967641292,0,0,0,0,0,0,0,0,0
14757395258967641292,-5,2,0,1,2,0,1,-3,-2
14757395258967641292,0,0,0,0,0,0,0,0,0
14757395258967641292,0,0,0,0,0,0,0,0,0
14757395258967641292,5,11,-1,1,0,-1,0,-2,13
14757395258967641292,0,0,0,0,0,0,0,0,0
14757395258967641292,0,0,0,0,0,0,0,0,0
14757395258967641292,4,-2,-9,-5,0,0,0,-1,-13
14757395258967641292,0,2,4,-9,0,0,-1,0,-4
14757395258967641292,0,0,0,0,0,0,0,0,0
14757395258967641292,0,0,0,0,0,0,0,0,0
14757395258967641292,-4,-12,-13,-1,-1,-1,1,2,-29
14757395258967641292,0,0,0,0,0,0,0,0,0
14757395258967641292,3,-2,6,3,1,-2,0,4,13
14757395258967641292,0,0,0,0,0,0,0,0,0
14757395258967641292,0,0,0,0,0,0,0,0,0
14757395258967641292,-3,3,-11,-1,-1,-1,3,4,-7
14757395258967641292,0,0,0,0,0,0,0,0,0
14757395258967641292,0,0,0,0,0,0,0,0,0
14757395258967641292,-8,5,-7,2,-3,-1,-3,-13,-28
14757395258967641292,-3,7,9,2,0,-3,-11,-4,-3
14757395258967641292,0,0,0,0,0,0,0,0,0
14757395258967641292,0,0,0,0,0,0,0,0,0
14757395258967641292,5,-7,0,7,1,-1,2,1,8
14757395258967641292,0,0,0,0,0,0,0,0,0
14757395258967641292,-2,-3,-13,-19,-6,-1,3,1,-40
14757395258967641292,0,0,0,0,0,0,0,0,0
14757395258967641292,0,0,0,0,0,0,0,0,0
14757395258967641292,-4,-8,-25,2,2,-1,-4,-7,-45
14757395258967641292,0,0,0,0,0,0,0,0,0
14757395258967641292,0,0,0,0,0,0,0,0,0
14757395258967641292,4,15,2,-4,-1,2,-1,0,17
14757395258967641292,-1,-13,-2,2,0,0,0,-3,-17
14757395258967641292,0,0,0,0,0,0,0,0,0
14757395258967641292,0,0,0,0,0,0,0,0,0
14757395258967641292,-2,-5,1,9,0,-1,1,-1,2
14757395258967641292,0,0,0,0,0,0,0,0,0
14757395258967641292,-7,-3,-9,-6,-3,1,0,-3,-30
14757395258967641292,0,0,0,0,0,0,0,0,0
14757395258967641292,0,0,0,0,0,0,0,0,0
14757395258967641292,4,5,12,9,2,0,1,5,38
14757395258967641292,0,0,0,0,0,0,0,0,0
14757395258967641292,0,0,0,0,0,0,0,0,0
14757395258967641292,1,-3,8,-1,-1,-5,-1,1,-1
14757395258967641292,0,8,0,-3,-1,-3,-1,2,2
14757395258967641292,0,0,0,0,0,0,0,0,0
14757395258967641292,0,0,0,0,0,0,0,0,0
14757395258967641292,4,6,8,-5,2,-2,3,-3,13
14757395258967641292,0,0,0,0,0,0,0,0,0
14757395258967641292,0,2,12,6,1,-1,-2,-3,15
14757395258967641292,0,0,0,0,0,0,0,0,0
14757395258967641292,0,0,0,0,0,0,0,0,0
14757395258967641292,-2,-1,1,0,-3,0,0,-1,-6
14757395258967641292,0,0,0,0,0,0,0,0,0
14757395258967641292,0,0,0,0,0,0,0,0,0
14757395258967641292,-15,8,-6,-7,0,1,-4,-3,-26
14757395258967641292,-2,11,-1,6,-1,1,-1,-1,12
14757395258967641292,0,0,0,0,0,0,0,0,0
14757395258967641292,0,0,0,0,0,0,0,0,0
14757395258967641292,1,-8,-6,-10,-3,1,-3,0,-28
14757395258967641292,0,0,0,0,0,0,0,0,0
14757395258967641292,-2,-1,0,-1,-1,-3,1,-2,-9
14757395258967641292,0,0,0,0,0,0,0,0,0
14757395258967641292,0,0,0,0,0,0,0,0,0
14757395258967641292,2,-8,-9,-16,0,1,-6,-2,-38
14757395258967641292,0,0,0,0,0,0,0,0,0
14757395258967641292,0,0,0,0,0,0,0,0,0
14757395258967641292,-8,-15,-5,-6,-2,-1,2,-1,-36
14757395258967641292,-2,-13,2,6,-1,0,2,-2,-8
14757395258967641292,0,0,0,0,0,0,0,0,0
14757395258967641292,0,0,0,0,0,0,0,0,0
14757395258967641292,-8,19,-4,-2,-9,-5,-6,-6,-21
14757395258967641292,0,0,0,0,0,0,0,0,0
14757395258967641292,-1,5,4,-1,-1,6,0,-1,11
14757395258967641292,0,0,0,0,0,0,0,0,0
14757395258967641292,0,0,0,0,0,0,0,0,0
14757395258967641292,-1,-11,2,2,-3,-9,0,0,-20
14757395258967641292,0,0,0,0,0,0,0,0,0
14757395258967641292,0,0,0,0,0,0,0,0,0
14757395258967641292,7,-7,1,-7,-3,-2,0,3,-8
14757395258967641292,3,-8,-6,3,-1,-4,0,-2,-15
14757395258967641292,0,0,0,0,0,0,0,0,0
14757395258967641292,0,0,0,0,0,0,0,0,0
14757395258967641292,1,7,14,-6,1,-4,0,2,15
14757395258967641292,0,0,0,0,0,0,0,0,0
14757395258967641292,3,7,8,11,3,1,3,-2,34
14757395258967641292,0,0,0,0,0,0,0,0,0
14757395258967641292,0,0,0,0,0,0,0,0,0
14757395258967641292,-3,-7,-24,2,1,0,-1,-1,-33
14757395258967641292,0,0,0,0,0,0,0,0,0
14757395258967641292,0,0,0,0,0,0,0,0,0
14757395258967641292,-3,-4,6,-8,2,-1,2,-1,-7
14757395258967641292,2,-4,0,4,-1,1,-1,1,2
14757395258967641292,0,0,0,0,0,0,0,0,0
14757395258967641292,0,0,0,0,0,0,0,0,0
14757395258967641292,2,7,-8,2,1,-1,0,0,3
14757395258967641292,0,0,0,0,0,0,0,0,0
14757395258967641292,-1,15,2,-7,-4,0,3,-7,1
14757395258967641292,0,0,0,0,0,0,0,0,0
14757395258967641292,0,0,0,0,0,0,0,0,0
14757395258967641292,1,-16,4,-3,-1,-1,-2,2,-16
14757395258967641292,0,0,0,0,0,0,0,0,0
14757395258967641292,0,0,0,0,0,0,0,0,0
14757395258967641292,-3,-3,-6,-5,2,-1,-5,-3,-24
14757395258967641292,-5,3,5,0,0,-2,-6,3,-2
14757395258967641292,0,0,0,0,0,0,0,0,0
14757395258967641292,0,0,0,0,0,0,0,0,0
14757395258967641292,6,-7,0,10,-3,-4,0,1,3
14757395258967641292,0,0,0,0,0,0,0,0,0
14757395258967641292,1,7,4,-4,-1,2,1,-2,8
14757395258967641292,0,0,0,0,0,0,0,0,0
14757395258967641292,0,0,0,0,0,0,0,0,0
14757395258967641292,0,4,2,7,0,-2,-2,-1,8
14757395258967641292,0,0,0,0,0,0,0,0,0
14757395258967641292,0,0,0,0,0,0,0,0,0
14757395258967641292,3,0,4,-5,0,0,1,-3,0
14757395258967641292,-4,13,-2,4,3,2,-2,2,16
14757395258967641292,0,0,0,0,0,0,0,0,0
14757395258967641292,0,0,0,0,0,0,0,0,0
14757395258967641292,-8,-29,-12,-4,-3,-4,-3,-1,-64
14757395258967641292,0,0,0,0,0,0,0,0,0
14757395258967641292,-1,-3,-3,-4,-2,-6,-19,-5,-43
14757395258967641292,0,0,0,0,0,0,0,0,0
14757395258967641292,0,0,0,0,0,0,0,0,0
14757395258967641292,-2,-2,-4,-8,-3,-2,3,-1,-19
14757395258967641292,0,0,0,0,0,0,0,0,0
14757395258967641292,0,0,0,0,0,0,0,0,0
14757395258967641292,-2,10,3,4,-1,-1,-6,-2,5
14757395258967641292,0,-3,-5,-1,-4,-1,1,-1,-14
14757395258967641292,0,0,0,0,0,0,0,0,0
14757395258967641292,0,0,0,0,0,0,0,0,0
14757395258967641292,3,8,-5,-11,-5,3,4,-3,-6
14757395258967641292,0,0,0,0,0,0,0,0,0
14757395258967641292,-5,-8,-4,-4,0,3,3,-1,-16
14757395258967641292,0,0,0,0,0,0,0,0,0
14757395258967641292,0,0,0,0,0,0,0,0,0
14757395258967641292,3,-6,5,-3,-1,5,2,-1,4
14757395258967641292,0,0,0,0,0,0,0,0,0
14757395258967641292,0,0,0,0,0,0,0,0,0
14757395258967641292,0,0,0,0,0,0,0,0,0
14757395258967641292,-5,7,-12,-5,-1,-3,-2,-3,-24
14757395258967641292,-4,-10,0,-2,-1,-3,2,-1,-19
