14757395258967641292,0,0,0,0,0,0,0,0,0
14757395258967641292,0,0,0,0,0,0,0,0,0
14757395258967641292,0,0,0,0,0,0,0,0,0
14757395258967641292,-2,-3,-2,-4,-3,-3,-3,-3,-23
14757395258967641292,0,0,0,0,0,0,0,0,0
14757395258967641292,0,0,0,0,0,0,0,0,0
14757395258967641292,-1,-3,-1,0,0,-1,-2,-2,-10
14757395258967641292,0,0,0,0,0,0,0,0,0
14757395258967641292,0,0,0,0,0,0,0,0,0
14757395258967641292,0,0,0,0,0,0,0,0,0
14757395258967641292,-1,-2,-3,-1,-7,-5,-3,-1,-23
14757395258967641292,1,1,0,2,6,4,-1,0,13
14757395258967641292,0,0,0,0,0,0,0,0,0
14757395258967641292,-1,-1,-1,-1,0,-1,-2,-1,-8
14757395258967641292,0,0,0,0,0,0,0,0,0
14757395258967641292,-1,-2,-3,-2,-3,-2,-2,-1,-16
14757395258967641292,0,0,0,0,0,0,0,0,0
14757395258967641292,0,0,0,0,0,0,0,0,0
14757395258967641292,2,-2,0,-2,-5,-6,-6,-2,-21
14757395258967641292,0,0,0,0,0,0,0,0,0
14757395258967641292,0,0,0,0,0,0,0,0,0
14757395258967641292,0,0,0,0,0,0,0,0,0
14757395258967641292,0,-2,-1,0,0,0,-2,-1,-6
14757395258967641292,-1,-1,-1,0,3,4,6,0,10
14757395258967641292,0,0,0,0,0,0,0,0,0
14757395258967641292,1,-2,-1,-1,-1,-3,-4,-1,-12
14757395258967641292,0,0,0,0,0,0,0,0,0
14757395258967641292,-2,0,-1,-3,-5,-5,-2,-1,-19
14757395258967641292,0,0,0,0,0,0,0,0,0
14757395258967641292,0,0,0,0,0,0,0,0,0
14757395258967641292,0,0,0,0,1,2,1,-1,3
14757395258967641292,0,0,0,0,0,0,0,0,0
14757395258967641292,0,0,0,0,0,0,0,0,0
14757395258967641292,0,0,0,0,0,0,0,0,0
14757395258967641292,-3,-1,0,-1,-3,-2,-3,0,-13
14757395258967641292,-1,-2,-3,0,-4,-4,-2,-2,-18
14757395258967641292,0,0,0,0,0,0,0,0,0
14757395258967641292,-1,-1,-2,-2,-2,2,1,-1,-6
14757395258967641292,0,0,0,0,0,0,0,0,0
14757395258967641292,-1,-1,-1,0,5,1,-1,-1,1
14757395258967641292,0,0,0,0,0,0,0,0,0
14757395258967641292,0,0,0,0,0,0,0,0,0
14757395258967641292,-2,-1,-1,2,-2,0,0,-2,-6
14757395258967641292,0,0,0,0,0,0,0,0,0
14757395258967641292,0,0,0,0,0,0,0,0,0
14757395258967641292,0,0,0,0,0,0,0,0,0
14757395258967641292,0,-1,0,1,0,-1,-2,0,-3
14757395258967641292,0,-2,-2,-2,-4,-5,-3,-1,-19
14757395258967641292,0,0,0,0,0,0,0,0,0
14757395258967641292,0,-1,-3,0,1,2,1,0,0
14757395258967641292,0,0,0,0,0,0,0,0,0
14757395258967641292,0,1,-1,-1,-2,0,-1,0,-4
14757395258967641292,0,0,0,0,0,0,0,0,0
14757395258967641292,0,0,0,0,0,0,0,0,0
14757395258967641292,-3,2,-2,2,2,3,2,1,7
14757395258967641292,0,0,0,0,0,0,0,0,0
14757395258967641292,0,0,0,0,0,0,0,0,0
14757395258967641292,0,0,0,0,0,0,0,0,0
14757395258967641292,-2,-1,1,0,-2,-3,-1,-3,-11
14757395258967641292,0,1,-1,-7,-3,0,-1,0,-11
14757395258967641292,0,0,0,0,0,0,0,0,0
14757395258967641292,0,-3,-3,-3,-6,-5,-5,-5,-30
14757395258967641292,0,0,0,0,0,0,0,0,0
14757395258967641292,-1,-2,1,2,4,3,3,1,11
14757395258967641292,0,0,0,0,0,0,0,0,0
14757395258967641292,0,0,0,0,0,0,0,0,0
14757395258967641292,-1,-1,-1,-1,-3,-2,0,0,-9
14757395258967641292,0,0,0,0,0,0,0,0,0
14757395258967641292,0,0,0,0,0,0,0,0,0
14757395258967641292,0,0,0,0,0,0,0,0,0
14757395258967641292,0,-1,-1,-1,5,3,0,2,7
14757395258967641292,0,-4,2,-5,-2,-2,-2,-2,-15
14757395258967641292,0,0,0,0,0,0,0,0,0
14757395258967641292,-4,-11,-4,-3,-1,-3,-2,-2,-30
14757395258967641292,0,0,0,0,0,0,0,0,0
14757395258967641292,-4,-6,-1,-2,-3,-4,-1,-3,-24
14757395258967641292,0,0,0,0,0,0,0,0,0
14757395258967641292,0,0,0,0,0,0,0,0,0
14757395258967641292,-1,1,-3,-2,1,1,1,0,-2
14757395258967641292,0,0,0,0,0,0,0,0,0
14757395258967641292,0,0,0,0,0,0,0,0,0
14757395258967641292,0,0,0,0,0,0,0,0,0
14757395258967641292,0,-1,-1,-1,-4,-3,-2,-2,-14
14757395258967641292,-1,1,-1,-3,-3,-5,-2,0,-14
14757395258967641292,0,0,0,0,0,0,0,0,0
14757395258967641292,0,0,0,0,0,0,0,0,0
14757395258967641292,0,0,0,0,0,0,0,0,0
14757395258967641292,0,1,-2,-3,0,-3,-3,-1,-11
14757395258967641292,0,0,0,0,0,0,0,0,0
14757395258967641292,0,0,0,0,0,0,0,0,0
14757395258967641292,-1,2,-1,2,4,2,-2,0,6
14757395258967641292,0,0,0,0,0,0,0,0,0
14757395258967641292,0,0,0,0,0,0,0,0,0
14757395258967641292,0,0,0,0,0,0,0,0,0
14757395258967641292,-1,0,0,-1,-3,0,-1,-1,-7
14757395258967641292,-3,-2,-1,1,-3,1,-3,-3,-13
14757395258967641292,0,0,0,0,0,0,0,0,0
14757395258967641292,0,0,0,0,0,0,0,0,0
14757395258967641292,0,0,0,0,0,0,0,0,0
14757395258967641292,-1,-3,-3,0,-4,0,1,-1,-11
14757395258967641292,0,0,0,0,0,0,0,0,0
14757395258967641292,0,0,0,0,0,0,0,0,0
14757395258967641292,-1,-3,-4,-1,-3,-6,-2,-4,-24
14757395258967641292,0,0,0,0,0,0,0,0,0
14757395258967641292,0,0,0,0,0,0,0,0,0
14757395258967641292,0,0,0,0,0,0,0,0,0
14757395258967641292,-1,-2,0,-2,3,8,2,0,8
14757395258967641292,-1,1,0,-3,0,1,-2,-1,-5
14757395258967641292,0,0,0,0,0,0,0,0,0
14757395258967641292,0,0,0,0,0,0,0,0,0
14757395258967641292,0,0,0,0,0,0,0,0,0
14757395258967641292,2,-1,0,4,4,3,1,1,14
14757395258967641292,0,0,0,0,0,0,0,0,0
14757395258967641292,0,0,0,0,0,0,0,0,0
14757395258967641292,-1,-1,1,-1,-1,1,3,2,3
14757395258967641292,0,0,0,0,0,0,0,0,0
14757395258967641292,0,0,0,0,0,0,0,0,0
14757395258967641292,0,0,0,0,0,0,0,0,0
14757395258967641292,-2,0,-3,-2,-3,-4,-1,-3,-18
14757395258967641292,-3,-3,-2,0,-5,-5,-4,-3,-25
14757395258967641292,0,0,0,0,0,0,0,0,0
14757395258967641292,0,0,0,0,0,0,0,0,0
14757395258967641292,0,0,0,0,0,0,0,0,0
14757395258967641292,0,-2,1,-1,6,6,2,0,12
14757395258967641292,0,0,0,0,0,0,0,0,0
14757395258967641292,0,0,0,0,0,0,0,0,0
14757395258967641292,2,0,-1,-1,-4,-2,2,-1,-5
14757395258967641292,-4,-3,-3,-2,-5,-5,-6,-4,-32
14757395258967641292,0,0,0,0,0,0,0,0,0
14757395258967641292,0,0,0,0,0,0,0,0,0
14757395258967641292,0,1,-2,1,7,6,3,2,18
14757395258967641292,-1,-2,-2,-2,-3,-2,-1,-3,-16
14757395258967641292,0,0,0,0,0,0,0,0,0
14757395258967641292,0,0,0,0,0,0,0,0,0
14757395258967641292,0,0,0,0,0,0,0,0,0
14757395258967641292,-2,-2,-1,-3,-6,-4,-4,-3,-25
14757395258967641292,0,0,0,0,0,0,0,0,0
14757395258967641292,0,0,0,0,0,0,0,0,0
14757395258967641292,-1,0,1,0,3,-1,-2,0,0
14757395258967641292,0,0,-2,-1,-3,-4,-3,-3,-16
14757395258967641292,0,0,0,0,0,0,0,0,0
14757395258967641292,0,0,0,0,0,0,0,0,0
14757395258967641292,-1,-1,-2,-1,-2,-2,-2,-2,-13
14757395258967641292,-1,0,0,3,1,0,2,1,6
14757395258967641292,0,0,0,0,0,0,0,0,0
14757395258967641292,0,0,0,0,0,0,0,0,0
14757395258967641292,0,0,0,0,0,0,0,0,0
14757395258967641292,-1,-3,0,6,3,-1,-3,-1,0
14757395258967641292,0,0,0,0,0,0,0,0,0
14757395258967641292,0,0,0,0,0,0,0,0,0
14757395258967641292,-7,-1,-17,0,-1,-3,-3,-7,-39
14757395258967641292,-27,-9,-18,0,0,0,-8,-34,-96
14757395258967641292,0,0,0,0,0,0,0,0,0
14757395258967641292,0,0,0,0,0,0,0,0,0
14757395258967641292,-25,-20,-15,-17,-15,-15,-12,-12,-131
14757395258967641292,-18,-5,18,-3,5,-2,-10,-24,-39
14757395258967641292,0,0,0,0,0,0,0,0,0
14757395258967641292,0,0,0,0,0,0,0,0,0
14757395258967641292,0,0,0,0,0,0,0,0,0
14757395258967641292,33,-6,-25,-8,-5,-9,-9,37,8
14757395258967641292,0,0,0,0,0,0,0,0,0
14757395258967641292,0,0,0,0,0,0,0,0,0
14757395258967641292,-59,-14,46,10,-2,-4,-12,-61,-96
14757395258967641292,15,92,4,15,8,11,6,-9,142
14757395258967641292,0,0,0,0,0,0,0,0,0
14757395258967641292,0,0,0,0,0,0,0,0,0
14757395258967641292,-20,-51,6,-46,-8,-1,5,-4,-119
14757395258967641292,0,0,0,0,0,0,0,0,0
14757395258967641292,0,0,0,0,0,0,0,0,0
14757395258967641292,0,0,0,0,0,0,0,0,0
14757395258967641292,0,0,0,0,0,0,0,0,0
14757395258967641292,122,93,32,5,-12,2,40,127,409
14757395258967641292,0,0,0,0,0,0,0,0,0
14757395258967641292,0,0,0,0,0,0,0,0,0
14757395258967641292,24,-76,-18,10,11,7,-23,-28,-93
14757395258967641292,0,0,0,0,0,0,0,0,0
14757395258967641292,0,0,0,0,0,0,0,0,0
14757395258967641292,12,-11,-45,9,-12,-9,-11,10,-57
14757395258967641292,1,-37,20,-11,12,19,19,2,25
14757395258967641292,-122,-68,-36,-12,19,-1,-37,-87,-344
14757395258967641292,0,0,0,0,0,0,0,0,0
14757395258967641292,0,0,0,0,0,0,0,0,0
14757395258967641292,0,0,0,0,0,0,0,0,0
14757395258967641292,69,113,44,-8,-15,6,32,53,294
14757395258967641292,0,0,0,0,0,0,0,0,0
14757395258967641292,0,0,0,0,0,0,0,0,0
14757395258967641292,-114,-48,8,16,11,-16,-37,-87,-267
14757395258967641292,-16,-104,72,35,-5,-8,-5,-31,-62
14757395258967641292,0,0,0,0,0,0,0,0,0
14757395258967641292,0,0,0,0,0,0,0,0,0
14757395258967641292,87,-23,22,30,27,30,45,83,301
14757395258967641292,53,105,50,-1,-6,-14,5,21,213
14757395258967641292,0,0,0,0,0,0,0,0,0
14757395258967641292,0,0,0,0,0,0,0,0,0
14757395258967641292,0,0,0,0,0,0,0,0,0
14757395258967641292,-128,-122,-21,-3,-2,-9,-45,-103,-433
14757395258967641292,0,0,0,0,0,0,0,0,0
14757395258967641292,0,0,0,0,0,0,0,0,0
14757395258967641292,-25,-80,-45,-18,-28,-23,-15,-23,-257
14757395258967641292,-35,22,-80,-6,-18,-17,-28,-80,-242
14757395258967641292,0,0,0,0,0,0,0,0,0
14757395258967641292,0,0,0,0,0,0,0,0,0
14757395258967641292,2,72,3,17,0,4,24,15,137
14757395258967641292,77,77,4,23,12,19,28,69,309
14757395258967641292,0,0,0,0,0,0,0,0,0
14757395258967641292,0,0,0,0,0,0,0,0,0
14757395258967641292,0,0,0,0,0,0,0,0,0
14757395258967641292,53,-42,24,7,19,31,35,19,146
14757395258967641292,0,0,0,0,0,0,0,0,0
14757395258967641292,-56,20,6,9,-16,-29,-42,-67,-175
14757395258967641292,0,0,0,0,0,0,0,0,0
14757395258967641292,-29,71,28,2,35,13,10,0,130
14757395258967641292,0,0,0,0,0,0,0,0,0
14757395258967641292,0,0,0,0,0,0,0,0,0
14757395258967641292,-75,-118,-38,-40,-27,-27,-39,-71,-435
14757395258967641292,-35,-35,-27,-17,-6,-5,-11,5,-131
14757395258967641292,0,0,0,0,0,0,0,0,0
14757395258967641292,0,0,0,0,0,0,0,0,0
14757395258967641292,0,0,0,0,0,0,0,0,0
14757395258967641292,-47,-46,15,0,0,2,-26,-69,-171
14757395258967641292,0,0,0,0,0,0,0,0,0
14757395258967641292,-9,-1,-7,-28,-2,12,16,-20,-39
14757395258967641292,0,0,0,0,0,0,0,0,0
14757395258967641292,-12,110,-61,-16,-15,-15,17,23,31
14757395258967641292,0,0,0,0,0,0,0,0,0
14757395258967641292,0,0,0,0,0,0,0,0,0
14757395258967641292,38,85,44,22,1,3,18,44,255
14757395258967641292,-51,-61,26,6,9,-5,-24,-42,-142
14757395258967641292,0,0,0,0,0,0,0,0,0
14757395258967641292,0,0,0,0,0,0,0,0,0
14757395258967641292,0,0,0,0,0,0,0,0,0
14757395258967641292,62,17,23,-1,-7,2,15,53,164
14757395258967641292,0,0,0,0,0,0,0,0,0
14757395258967641292,-13,-27,16,-12,-4,-6,-26,-32,-104
14757395258967641292,0,0,0,0,0,0,0,0,0
14757395258967641292,41,-23,-1,-18,-9,2,21,63,76
14757395258967641292,0,0,0,0,0,0,0,0,0
14757395258967641292,0,0,0,0,0,0,0,0,0
14757395258967641292,-16,22,49,6,-7,-12,-11,-22,9
14757395258967641292,0,0,0,0,0,0,0,0,0
14757395258967641292,0,0,0,0,0,0,0,0,0
14757395258967641292,0,0,0,0,0,0,0,0,0
14757395258967641292,0,0,0,0,0,0,0,0,0
14757395258967641292,19,-70,-81,-4,-12,-11,-11,-5,-175
14757395258967641292,0,0,0,0,0,0,0,0,0
14757395258967641292,0,0,0,0,0,0,0,0,0
14757395258967641292,0,0,0,0,0,0,0,0,0
14757395258967641292,-11,59,-7,26,13,5,0,-14,71
14757395258967641292,10,-34,-12,-14,-15,-6,3,13,-55
14757395258967641292,0,0,0,0,0,0,0,0,0
14757395258967641292,-4,13,-20,-11,-8,1,14,48,33
14757395258967641292,0,0,0,0,0,0,0,0,0
14757395258967641292,0,0,0,0,0,0,0,0,0
14757395258967641292,0,0,0,0,0,0,0,0,0
14757395258967641292,0,0,0,0,0,0,0,0,0
14757395258967641292,11,-18,41,28,31,22,8,9,132
14757395258967641292,0,0,0,0,0,0,0,0,0
14757395258967641292,55,73,54,19,1,5,24,80,311
14757395258967641292,0,0,0,0,0,0,0,0,0
14757395258967641292,-1,35,27,-11,13,17,17,-6,91
14757395258967641292,0,0,0,0,0,0,0,0,0
14757395258967641292,0,0,0,0,0,0,0,0,0
14757395258967641292,-15,2,-64,-4,-8,-13,-18,-35,-155
14757395258967641292,0,0,0,0,0,0,0,0,0
14757395258967641292,0,0,0,0,0,0,0,0,0
14757395258967641292,0,0,0,0,0,0,0,0,0
14757395258967641292,0,0,0,0,0,0,0,0,0
14757395258967641292,-16,5,-17,-17,-10,-8,-7,-10,-80
14757395258967641292,0,0,0,0,0,0,0,0,0
14757395258967641292,67,48,28,-24,-4,7,29,82,233
14757395258967641292,0,0,0,0,0,0,0,0,0
14757395258967641292,31,-74,57,20,8,5,12,21,80
14757395258967641292,0,0,0,0,0,0,0,0,0
14757395258967641292,0,0,0,0,0,0,0,0,0
14757395258967641292,93,-9,18,9,5,5,16,96,233
14757395258967641292,-17,14,-19,-13,-6,-5,-8,-18,-72
14757395258967641292,0,0,0,0,0,0,0,0,0
14757395258967641292,0,0,0,0,0,0,0,0,0
14757395258967641292,0,0,0,0,0,0,0,0,0
14757395258967641292,7,14,-44,-7,-2,2,12,29,11
14757395258967641292,-24,-8,-59,-18,26,18,-15,-35,-115
14757395258967641292,0,0,0,0,0,0,0,0,0
14757395258967641292,0,0,0,0,0,0,0,0,0
14757395258967641292,31,40,23,0,2,6,11,41,154
14757395258967641292,51,23,52,22,8,9,20,63,248
14757395258967641292,0,0,0,0,0,0,0,0,0
14757395258967641292,-48,-12,-10,-2,0,-6,-25,-65,-168
14757395258967641292,-5,-26,-31,6,-8,-3,-3,8,-62
14757395258967641292,0,0,0,0,0,0,0,0,0
14757395258967641292,0,0,0,0,0,0,0,0,0
14757395258967641292,0,0,0,0,0,0,0,0,0
14757395258967641292,-16,5,-2,-12,-15,-10,-7,-24,-81
14757395258967641292,0,0,0,0,0,0,0,0,0
14757395258967641292,0,0,0,0,0,0,0,0,0
14757395258967641292,0,0,0,0,0,0,0,0,0
14757395258967641292,-17,-5,3,9,3,0,-14,-21,-42
14757395258967641292,-6,22,6,4,-1,-2,0,-10,13
14757395258967641292,0,0,0,0,0,0,0,0,0
14757395258967641292,-20,-3,7,-7,-9,-11,-15,-4,-62
14757395258967641292,0,-8,29,-4,-9,-13,-16,10,-11
14757395258967641292,0,0,0,0,0,0,0,0,0
14757395258967641292,0,0,0,0,0,0,0,0,0
14757395258967641292,0,0,0,0,0,0,0,0,0
14757395258967641292,-21,3,-22,-2,-11,-15,-31,-33,-132
14757395258967641292,0,0,0,0,0,0,0,0,0
14757395258967641292,0,0,0,0,0,0,0,0,0
14757395258967641292,0,0,0,0,0,0,0,0,0
14757395258967641292,-3,0,3,0,0,-1,-18,-14,-33
14757395258967641292,-5,6,1,3,-2,-3,-5,-2,-7
14757395258967641292,0,0,0,0,0,0,0,0,0
14757395258967641292,-4,-1,-7,22,3,3,21,-4,33
14757395258967641292,0,0,0,0,0,0,0,0,0
14757395258967641292,-2,2,-11,4,-3,-1,-1,3,-9
14757395258967641292,0,0,0,0,0,0,0,0,0
14757395258967641292,0,0,0,0,0,0,0,0,0
14757395258967641292,-4,3,-6,-8,-7,-3,-14,-8,-47
14757395258967641292,0,0,0,0,0,0,0,0,0
14757395258967641292,0,0,0,0,0,0,0,0,0
14757395258967641292,0,0,0,0,0,0,0,0,0
14757395258967641292,-8,-10,-49,-80,-20,-14,-28,-15,-224
14757395258967641292,-8,-5,-24,-43,-11,-5,-6,6,-96
14757395258967641292,0,0,0,0,0,0,0,0,0
14757395258967641292,2,6,39,36,9,1,-5,-10,78
14757395258967641292,0,0,0,0,0,0,0,0,0
14757395258967641292,-1,0,2,-1,0,2,3,-7,-2
14757395258967641292,0,0,0,0,0,0,0,0,0
14757395258967641292,0,0,0,0,0,0,0,0,0
14757395258967641292,-6,2,-4,20,9,5,9,-21,14
14757395258967641292,0,0,0,0,0,0,0,0,0
14757395258967641292,0,0,0,0,0,0,0,0,0
14757395258967641292,0,0,0,0,0,0,0,0,0
14757395258967641292,-1,1,1,-8,-4,-1,0,3,-9
14757395258967641292,1,-2,-1,10,8,7,11,8,42
14757395258967641292,0,0,0,0,0,0,0,0,0
14757395258967641292,-4,-5,-20,-5,-1,1,2,-1,-33
14757395258967641292,0,0,0,0,0,0,0,0,0
14757395258967641292,-1,3,4,4,-3,-3,8,0,12
14757395258967641292,0,0,0,0,0,0,0,0,0
14757395258967641292,0,0,0,0,0,0,0,0,0
14757395258967641292,-1,1,-8,-1,-1,2,0,-9,-17
14757395258967641292,0,0,0,0,0,0,0,0,0
14757395258967641292,0,0,0,0,0,0,0,0,0
14757395258967641292,0,0,0,0,0,0,0,0,0
14757395258967641292,-2,-2,0,-3,-1,-1,-1,5,-5
14757395258967641292,-3,1,6,9,1,0,7,-4,17
14757395258967641292,0,0,0,0,0,0,0,0,0
14757395258967641292,0,1,3,-1,2,1,1,4,11
14757395258967641292,0,0,0,0,0,0,0,0,0
14757395258967641292,-2,-6,-4,-4,-6,-3,0,-5,-30
14757395258967641292,0,0,0,0,0,0,0,0,0
14757395258967641292,0,0,0,0,0,0,0,0,0
14757395258967641292,-2,0,1,-3,-3,-6,-6,-2,-21
14757395258967641292,0,0,0,0,0,0,0,0,0
14757395258967641292,0,0,0,0,0,0,0,0,0
14757395258967641292,0,0,0,0,0,0,0,0,0
14757395258967641292,-2,-3,-3,-2,-1,2,1,-1,-9
14757395258967641292,-3,1,3,-1,0,-1,0,1,0
14757395258967641292,0,0,0,0,0,0,0,0,0
14757395258967641292,-1,1,0,-2,-3,0,-2,-4,-11
14757395258967641292,0,0,0,0,0,0,0,0,0
14757395258967641292,0,1,-1,2,-3,-5,-1,-1,-8
14757395258967641292,0,0,0,0,0,0,0,0,0
14757395258967641292,0,0,0,0,0,0,0,0,0
14757395258967641292,-5,0,-1,1,-3,-2,-2,-3,-15
14757395258967641292,0,0,0,0,0,0,0,0,0
14757395258967641292,0,0,0,0,0,0,0,0,0
14757395258967641292,0,0,0,0,0,0,0,0,0
14757395258967641292,-1,-3,0,-1,-1,2,3,0,-1
14757395258967641292,-2,0,4,0,-3,-2,-4,-15,-22
14757395258967641292,0,0,0,0,0,0,0,0,0
14757395258967641292,-1,-1,-2,-2,-3,-7,-6,0,-22
14757395258967641292,0,0,0,0,0,0,0,0,0
14757395258967641292,1,0,-1,-1,1,2,1,4,7
14757395258967641292,0,0,0,0,0,0,0,0,0
14757395258967641292,0,0,0,0,0,0,0,0,0
14757395258967641292,0,-1,0,2,2,3,2,2,10
14757395258967641292,0,0,0,0,0,0,0,0,0
14757395258967641292,0,0,0,0,0,0,0,0,0
14757395258967641292,0,0,0,0,0,0,0,0,0
14757395258967641292,-2,-1,0,-5,-9,-8,-5,-1,-31
14757395258967641292,1,2,1,2,6,4,4,4,24
14757395258967641292,0,0,0,0,0,0,0,0,0
14757395258967641292,1,2,-2,-2,-1,0,-3,-1,-6
14757395258967641292,0,0,0,0,0,0,0,0,0
14757395258967641292,-1,-1,1,2,4,-1,-2,-1,1
14757395258967641292,0,0,0,0,0,0,0,0,0
14757395258967641292,0,0,0,0,0,0,0,0,0
14757395258967641292,0,-1,-3,-3,-2,-1,1,-2,-11
14757395258967641292,0,0,0,0,0,0,0,0,0
14757395258967641292,0,0,0,0,0,0,0,0,0
14757395258967641292,0,0,0,0,0,0,0,0,0
14757395258967641292,-2,-1,0,-1,-1,1,0,0,-4
14757395258967641292,-3,-2,-1,-2,-5,-4,-2,-1,-20
14757395258967641292,0,0,0,0,0,0,0,0,0
14757395258967641292,-1,-2,0,0,-4,-4,-4,-1,-16
14757395258967641292,0,0,0,0,0,0,0,0,0
14757395258967641292,2,-1,-1,-1,2,2,4,1,8
14757395258967641292,0,0,0,0,0,0,0,0,0
14757395258967641292,0,0,0,0,0,0,0,0,0
14757395258967641292,-3,-4,-3,-2,-6,-4,-5,1,-26
14757395258967641292,0,0,0,0,0,0,0,0,0
14757395258967641292,0,0,0,0,0,0,0,0,0
14757395258967641292,0,0,0,0,0,0,0,0,0
14757395258967641292,-1,-2,-2,0,-5,-6,-4,-4,-24
14757395258967641292,0,0,0,0,0,0,0,0,0
14757395258967641292,0,0,0,0,0,0,0,0,0
14757395258967641292,-2,-2,-1,-2,-2,-3,-3,-2,-17
14757395258967641292,0,0,0,0,0,0,0,0,0
14757395258967641292,0,0,-2,-3,-3,-1,-1,-1,-11
14757395258967641292,0,0,0,0,0,0,0,0,0
14757395258967641292,0,0,0,0,0,0,0,0,0
14757395258967641292,-2,-3,-1,1,-4,0,0,0,-9
14757395258967641292,0,0,0,0,0,0,0,0,0
14757395258967641292,0,0,0,0,0,0,0,0,0
14757395258967641292,0,0,0,0,0,0,0,0,0
14757395258967641292,-2,0,2,-1,0,2,-1,-1,-1
14757395258967641292,0,0,0,0,0,0,0,0,0
14757395258967641292,0,0,0,0,0,0,0,0,0
14757395258967641292,-2,-1,-1,0,-3,-4,-2,-1,-14
14757395258967641292,0,0,0,0,0,0,0,0,0
14757395258967641292,-2,1,0,-1,3,-2,-1,-1,-3
14757395258967641292,0,0,0,0,0,0,0,0,0
14757395258967641292,0,0,0,0,0,0,0,0,0
14757395258967641292,-2,-1,-1,-1,-7,-5,-2,0,-19
14757395258967641292,0,0,0,0,0,0,0,0,0
14757395258967641292,0,0,0,0,0,0,0,0,0
14757395258967641292,0,0,0,0,0,0,0,0,0
14757395258967641292,-3,-2,-2,0,-2,-1,0,-2,-12
14757395258967641292,-1,-1,-1,-2,1,3,1,1,1
14757395258967641292,0,0,0,0,0,0,0,0,0
14757395258967641292,-2,0,-2,-3,-4,0,-2,-2,-15
14757395258967641292,0,0,0,0,0,0,0,0,0
14757395258967641292,-1,-2,-2,-1,-2,-3,-4,-2,-17
14757395258967641292,0,0,0,0,0,0,0,0,0
14757395258967641292,0,0,0,0,0,0,0,0,0
14757395258967641292,-4,-1,-1,-3,0,-1,-3,-1,-14
14757395258967641292,0,0,0,0,0,0,0,0,0
14757395258967641292,0,0,0,0,0,0,0,0,0
14757395258967641292,0,0,0,0,0,0,0,0,0
14757395258967641292,0,-2,0,-3,1,-5,-1,-1,-11
14757395258967641292,0,-1,-3,-2,-4,-2,-1,-1,-14
14757395258967641292,0,0,0,0,0,0,0,0,0
14757395258967641292,-1,-2,-1,-1,3,0,0,0,-2
14757395258967641292,0,0,0,0,0,0,0,0,0
14757395258967641292,0,-1,-2,-3,-1,0,-1,0,-8
14757395258967641292,0,0,0,0,0,0,0,0,0
14757395258967641292,0,0,0,0,0,0,0,0,0
14757395258967641292,-2,0,2,2,-2,0,-2,-1,-3
14757395258967641292,0,0,0,0,0,0,0,0,0
14757395258967641292,0,0,0,0,0,0,0,0,0
14757395258967641292,0,0,0,0,0,0,0,0,0
14757395258967641292,-1,-2,0,-3,-4,-1,-4,-1,-16
14757395258967641292,0,1,-2,1,2,1,1,0,4
14757395258967641292,0,0,0,0,0,0,0,0,0
14757395258967641292,-6,-1,-3,-2,-4,-4,-4,-2,-26
14757395258967641292,0,0,0,0,0,0,0,0,0
14757395258967641292,5,1,1,1,7,12,45,7,79
14757395258967641292,0,0,0,0,0,0,0,0,0
14757395258967641292,0,0,0,0,0,0,0,0,0
14757395258967641292,-2,-1,1,0,0,-2,-11,-1,-16
14757395258967641292,0,0,0,0,0,0,0,0,0
14757395258967641292,0,0,0,0,0,0,0,0,0
14757395258967641292,0,0,0,0,0,0,0,0,0
14757395258967641292,0,0,-2,-4,-6,-1,-1,-2,-16
14757395258967641292,2,1,3,1,3,3,8,2,23
14757395258967641292,0,0,0,0,0,0,0,0,0
14757395258967641292,0,0,0,0,0,0,0,0,0
14757395258967641292,0,0,0,0,0,0,0,0,0
14757395258967641292,-3,-3,-3,-4,-10,-13,-15,-6,-57
14757395258967641292,0,0,0,0,0,0,0,0,0
14757395258967641292,0,0,0,0,0,0,0,0,0
14757395258967641292,-1,-2,-2,-2,-4,0,-10,-3,-24
14757395258967641292,0,0,0,0,0,0,0,0,0
14757395258967641292,0,0,0,0,0,0,0,0,0
14757395258967641292,0,0,0,0,0,0,0,0,0
14757395258967641292,-1,-1,-1,-1,-3,0,3,1,-3
14757395258967641292,-3,-2,0,0,3,0,-7,0,-9
14757395258967641292,0,0,0,0,0,0,0,0,0
14757395258967641292,0,0,0,0,0,0,0,0,0
14757395258967641292,0,0,0,0,0,0,0,0,0
14757395258967641292,0,-3,0,1,2,2,-2,-1,-1
14757395258967641292,0,0,0,0,0,0,0,0,0
14757395258967641292,0,0,0,0,0,0,0,0,0
14757395258967641292,-1,-1,-3,1,4,2,-1,0,1
14757395258967641292,0,0,0,0,0,0,0,0,0
14757395258967641292,0,0,0,0,0,0,0,0,0
14757395258967641292,0,0,0,0,0,0,0,0,0
14757395258967641292,0,-2,-2,-2,-1,-3,-5,-3,-18
14757395258967641292,0,0,-2,-2,-4,-5,-4,-1,-18
14757395258967641292,0,0,0,0,0,0,0,0,0
14757395258967641292,0,0,0,0,0,0,0,0,0
14757395258967641292,0,0,0,0,0,0,0,0,0
14757395258967641292,-1,0,-1,0,1,-3,-5,-1,-10
14757395258967641292,0,0,0,0,0,0,0,0,0
14757395258967641292,0,0,0,0,0,0,0,0,0
14757395258967641292,-1,0,-2,0,4,4,3,2,10
14757395258967641292,0,-1,0,-2,-4,-2,-4,-2,-15
14757395258967641292,0,0,0,0,0,0,0,0,0
14757395258967641292,0,0,0,0,0,0,0,0,0
14757395258967641292,0,-3,0,-2,-3,-3,-3,-3,-17
14757395258967641292,0,-3,-1,-3,-5,-3,-4,0,-19
14757395258967641292,0,0,0,0,0,0,0,0,0
14757395258967641292,0,0,0,0,0,0,0,0,0
14757395258967641292,0,0,0,0,0,0,0,0,0
14757395258967641292,0,-2,-1,0,3,1,2,-1,2
14757395258967641292,0,0,0,0,0,0,0,0,0
14757395258967641292,0,0,0,0,0,0,0,0,0
14757395258967641292,2,0,-1,1,3,4,2,2,13
14757395258967641292,-1,0,-1,-2,-2,-3,-3,-1,-13
14757395258967641292,0,0,0,0,0,0,0,0,0
14757395258967641292,0,0,0,0,0,0,0,0,0
14757395258967641292,0,0,-1,-2,0,-1,-1,-2,-7
14757395258967641292,-2,0,-2,0,0,-2,0,-1,-7
14757395258967641292,0,0,0,0,0,0,0,0,0
14757395258967641292,0,0,0,0,0,0,0,0,0
14757395258967641292,0,0,0,0,0,0,0,0,0
14757395258967641292,0,0,-1,2,6,6,2,0,15
14757395258967641292,0,0,0,0,0,0,0,0,0
14757395258967641292,0,0,0,0,0,0,0,0,0
14757395258967641292,-1,-2,-2,0,0,-2,-1,0,-8
14757395258967641292,1,-1,0,-2,-3,-4,-6,-1,-16
14757395258967641292,0,0,0,0,0,0,0,0,0
14757395258967641292,0,0,0,0,0,0,0,0,0
14757395258967641292,0,0,0,0,0,0,0,0,0
14757395258967641292,0,0,0,0,0,0,0,0,0
14757395258967641292,-2,-3,-3,-1,-3,-1,1,0,-12
14757395258967641292,0,0,0,0,0,0,0,0,0
14757395258967641292,0,0,0,0,0,0,0,0,0
14757395258967641292,0,-2,-3,-1,-2,1,-2,-1,-10
14757395258967641292,0,0,0,0,0,0,0,0,0
14757395258967641292,0,0,0,0,0,0,0,0,0
14757395258967641292,0,-2,0,-1,0,-1,2,1,-1
14757395258967641292,0,1,1,0,0,-1,-1,-3,-3
14757395258967641292,0,0,0,0,0,0,0,0,0
14757395258967641292,0,0,0,0,0,0,0,0,0
14757395258967641292,2,0,1,-1,5,4,5,-1,15
14757395258967641292,0,-3,-3,-6,-3,-4,0,-1,-20
14757395258967641292,0,0,0,0,0,0,0,0,0
14757395258967641292,0,0,0,0,0,0,0,0,0
14757395258967641292,0,0,0,0,0,0,0,0,0
14757395258967641292,0,0,0,0,0,5,1,1,7
14757395258967641292,0,0,0,0,0,0,0,0,0
14757395258967641292,0,0,0,0,0,0,0,0,0
14757395258967641292,-2,-1,0,-3,1,2,-3,-1,-7
14757395258967641292,-1,-1,-2,0,-2,-1,0,0,-7
14757395258967641292,0,0,0,0,0,0,0,0,0
14757395258967641292,0,0,0,0,0,0,0,0,0
14757395258967641292,-1,-1,1,-2,-3,-4,-2,-1,-13
14757395258967641292,-1,0,1,4,8,5,1,0,18
14757395258967641292,0,0,0,0,0,0,0,0,0
14757395258967641292,0,0,0,0,0,0,0,0,0
14757395258967641292,0,0,0,0,0,0,0,0,0
14757395258967641292,-1,-1,-4,-3,-7,-7,-6,-3,-32
14757395258967641292,0,0,0,0,0,0,0,0,0
14757395258967641292,0,0,0,0,0,0,0,0,0
14757395258967641292,0,-2,-2,-2,0,-1,-1,-3,-11
14757395258967641292,-4,-3,-1,0,3,4,1,-1,-1
14757395258967641292,0,0,0,0,0,0,0,0,0
14757395258967641292,0,0,0,0,0,0,0,0,0
14757395258967641292,-1,3,1,1,0,2,1,2,9
14757395258967641292,-2,-1,1,-2,-2,-6,-4,-1,-17
14757395258967641292,0,0,0,0,0,0,0,0,0
14757395258967641292,0,0,0,0,0,0,0,0,0
14757395258967641292,0,0,0,0,0,0,0,0,0
14757395258967641292,-2,-3,0,0,-3,-2,-3,-2,-15
14757395258967641292,-2,-2,-1,-3,-6,-5,-2,-3,-24
14757395258967641292,-2,-1,-2,-2,-1,0,-2,0,-10
14757395258967641292,0,0,0,0,0,0,0,0,0
14757395258967641292,0,0,-1,-1,-2,-3,-2,0,-9
14757395258967641292,0,0,0,0,0,0,0,0,0
14757395258967641292,0,0,0,0,0,0,0,0,0
14757395258967641292,-3,0,0,-2,-1,3,0,-1,-4
14757395258967641292,0,0,0,0,0,0,0,0,0
14757395258967641292,0,0,0,0,0,0,0,0,0
14757395258967641292,0,0,0,0,0,0,0,0,0
14757395258967641292,0,0,0,0,0,0,0,0,0
14757395258967641292,-2,-1,-1,0,2,-5,-1,0,-8
14757395258967641292,0,0,0,0,0,0,0,0,0
14757395258967641292,0,0,-3,0,-1,2,0,0,-2
14757395258967641292,0,0,0,0,0,0,0,0,0
14757395258967641292,-1,-1,-3,0,-3,-3,-1,-1,-13
14757395258967641292,0,0,0,0,0,0,0,0,0
14757395258967641292,0,0,0,0,0,0,0,0,0
14757395258967641292,2,-1,-1,-1,0,-2,-1,-2,-6
14757395258967641292,0,0,0,0,0,0,0,0,0
14757395258967641292,0,0,0,0,0,0,0,0,0
14757395258967641292,0,0,0,0,0,0,0,0,0
14757395258967641292,0,0,0,0,0,0,0,0,0
14757395258967641292,-2,-2,-2,-1,-2,2,0,-2,-9
14757395258967641292,0,0,0,0,0,0,0,0,0
14757395258967641292,0,0,0,0,0,0,0,0,0
14757395258967641292,0,-3,1,1,2,2,0,-2,1
14757395258967641292,1,-2,0,-2,-2,0,0,2,-3
14757395258967641292,0,0,0,0,0,0,0,0,0
14757395258967641292,0,0,0,0,0,0,0,0,0
14757395258967641292,-2,-2,-1,-3,-4,-5,-4,0,-21
14757395258967641292,-2,1,0,0,0,1,0,2,2
14757395258967641292,0,0,0,0,0,0,0,0,0
14757395258967641292,0,0,0,0,0,0,0,0,0
14757395258967641292,0,0,0,0,0,0,0,0,0
14757395258967641292,-2,-3,-1,-1,-1,-2,-2,-1,-13
14757395258967641292,0,0,0,0,0,0,0,0,0
14757395258967641292,0,0,0,0,0,0,0,0,0
14757395258967641292,-3,-1,0,-2,-2,-2,-2,-1,-13
14757395258967641292,0,1,-1,-2,1,-2,0,-1,-4
14757395258967641292,0,0,0,0,0,0,0,0,0
14757395258967641292,0,0,0,0,0,0,0,0,0
14757395258967641292,2,0,-1,1,3,0,2,-1,6
14757395258967641292,-2,0,-1,-2,-3,-1,-1,-1,-11
14757395258967641292,0,0,0,0,0,0,0,0,0
14757395258967641292,0,0,0,0,0,0,0,0,0
14757395258967641292,0,0,0,0,0,0,0,0,0
14757395258967641292,0,-3,-2,-3,-5,-2,-2,-2,-19
14757395258967641292,0,0,0,0,0,0,0,0,0
14757395258967641292,0,0,0,0,0,0,0,0,0
14757395258967641292,0,-2,-2,0,-2,0,-2,-1,-9
14757395258967641292,-1,-1,1,0,1,4,1,-1,4
14757395258967641292,0,0,0,0,0,0,0,0,0
14757395258967641292,0,0,0,0,0,0,0,0,0
14757395258967641292,-1,0,-1,0,-4,-1,0,1,-6
14757395258967641292,-3,-2,0,0,0,-1,-1,0,-7
14757395258967641292,0,0,0,0,0,0,0,0,0
14757395258967641292,0,0,0,0,0,0,0,0,0
14757395258967641292,0,0,0,0,0,0,0,0,0
14757395258967641292,-1,-1,-2,-1,-1,2,3,1,0
14757395258967641292,0,0,0,0,0,0,0,0,0
14757395258967641292,0,0,0,0,0,0,0,0,0
14757395258967641292,-1,0,0,-3,-2,-2,-4,-2,-14
14757395258967641292,-2,1,-1,-1,2,-3,-2,-2,-8
14757395258967641292,0,0,0,0,0,0,0,0,0
14757395258967641292,0,0,0,0,0,0,0,0,0
14757395258967641292,0,-2,-1,0,1,1,1,1,1
14757395258967641292,1,-2,-2,-2,-4,-3,-3,0,-15
14757395258967641292,0,0,0,0,0,0,0,0,0
14757395258967641292,0,0,0,0,0,0,0,0,0
14757395258967641292,0,0,0,0,0,0,0,0,0
14757395258967641292,-2,-1,-1,1,4,3,3,1,8
14757395258967641292,0,0,0,0,0,0,0,0,0
14757395258967641292,-1,-1,-2,1,5,5,2,0,9
14757395258967641292,0,0,0,0,0,0,0,0,0
14757395258967641292,1,-2,-1,-1,-2,-5,-3,-1,-14
14757395258967641292,0,0,0,0,0,0,0,0,0
14757395258967641292,0,0,0,0,0,0,0,0,0
14757395258967641292,-2,-1,-3,1,4,5,1,-1,4
14757395258967641292,1,-1,-4,-2,-3,-3,-3,-3,-18
14757395258967641292,0,0,0,0,0,0,0,0,0
14757395258967641292,0,0,0,0,0,0,0,0,0
14757395258967641292,0,0,0,0,0,0,0,0,0
14757395258967641292,-2,-1,1,1,1,-1,1,0,0
14757395258967641292,0,0,0,0,0,0,0,0,0
14757395258967641292,0,-2,-3,-4,-7,-5,-3,-1,-25
14757395258967641292,0,0,0,0,0,0,0,0,0
14757395258967641292,-2,-1,-1,-1,-1,-1,-1,1,-7
14757395258967641292,0,0,0,0,0,0,0,0,0
14757395258967641292,0,0,0,0,0,0,0,0,0
14757395258967641292,-4,0,1,-3,-2,0,-3,2,-9
14757395258967641292,-1,0,-1,-1,-1,-2,1,-1,-6
14757395258967641292,0,0,0,0,0,0,0,0,0
14757395258967641292,0,0,0,0,0,0,0,0,0
14757395258967641292,0,0,0,0,0,0,0,0,0
14757395258967641292,1,-2,0,1,0,2,1,0,3
14757395258967641292,1,-2,0,-1,0,-1,-3,-2,-8
14757395258967641292,0,0,0,0,0,0,0,0,0
14757395258967641292,0,0,0,0,0,0,0,0,0
14757395258967641292,-1,0,-1,-4,-4,-1,-4,-2,-17
14757395258967641292,-1,-2,-3,-3,0,-1,0,2,-8
14757395258967641292,0,0,0,0,0,0,0,0,0
14757395258967641292,0,0,0,0,0,0,0,0,0
14757395258967641292,0,0,0,0,0,0,0,0,0
14757395258967641292,-1,-2,-1,-2,-5,-4,-4,-3,-22
14757395258967641292,0,0,0,0,0,0,0,0,0
14757395258967641292,0,0,0,0,0,0,0,0,0
14757395258967641292,1,-2,-1,1,-1,5,2,-1,4
14757395258967641292,0,0,0,0,0,0,0,0,0
14757395258967641292,0,0,0,0,0,0,0,0,0
14757395258967641292,0,0,0,0,0,0,0,0,0
14757395258967641292,-1,-2,-1,-2,-5,-3,-3,0,-17
14757395258967641292,0,0,0,0,0,0,0,0,0
14757395258967641292,0,0,0,0,0,0,0,0,0
14757395258967641292,-2,1,0,0,-2,0,-2,-1,-6
14757395258967641292,0,0,0,0,0,0,0,0,0
14757395258967641292,0,0,0,0,0,0,0,0,0
14757395258967641292,0,0,0,0,0,0,0,0,0
14757395258967641292,0,0,0,0,0,0,0,0,0
14757395258967641292,-1,0,0,1,0,3,1,-1,3
14757395258967641292,0,0,0,0,0,0,0,0,0
14757395258967641292,0,0,0,0,0,0,0,0,0
14757395258967641292,0,0,0,0,0,0,0,0,0
14757395258967641292,-2,-2,-2,-3,-4,-6,-2,-3,-24
14757395258967641292,0,0,0,0,0,0,0,0,0
14757395258967641292,0,0,0,0,0,0,0,0,0
14757395258967641292,-1,-2,-2,-4,-2,-3,-3,-1,-18
14757395258967641292,0,0,0,0,0,0,0,0,0
14757395258967641292,0,1,-1,2,2,1,2,0,7
14757395258967641292,0,0,0,0,0,0,0,0,0
14757395258967641292,0,0,0,0,0,0,0,0,0
14757395258967641292,0,-3,-1,1,2,3,-2,-1,-1
14757395258967641292,0,0,0,0,0,0,0,0,0
14757395258967641292,0,0,0,0,0,0,0,0,0
14757395258967641292,0,0,0,0,0,0,0,0,0
14757395258967641292,0,0,-3,0,0,-2,0,-2,-7
14757395258967641292,-3,-1,-2,-4,-4,-2,-2,-1,-19
14757395258967641292,0,0,0,0,0,0,0,0,0
14757395258967641292,-1,-1,-1,1,3,4,0,-3,2
14757395258967641292,0,0,0,0,0,0,0,0,0
14757395258967641292,-1,-1,-3,-1,-1,0,0,-1,-8
14757395258967641292,0,0,0,0,0,0,0,0,0
14757395258967641292,0,0,0,0,0,0,0,0,0
14757395258967641292,-2,-2,0,0,1,-3,-1,-2,-9
14757395258967641292,0,0,0,0,0,0,0,0,0
14757395258967641292,0,0,0,0,0,0,0,0,0
14757395258967641292,0,0,0,0,0,0,0,0,0
14757395258967641292,-1,-1,0,-4,-2,-3,-2,-2,-15
14757395258967641292,-1,-2,-2,-3,-5,-9,-4,0,-26
14757395258967641292,0,0,0,0,0,0,0,0,0
14757395258967641292,0,1,1,4,7,9,3,3,28
14757395258967641292,0,0,0,0,0,0,0,0,0
14757395258967641292,-3,-1,-2,0,2,-2,-2,-1,-9
14757395258967641292,0,0,0,0,0,0,0,0,0
14757395258967641292,0,0,0,0,0,0,0,0,0
14757395258967641292,0,1,-1,-4,-3,-2,0,-2,-11
14757395258967641292,0,0,0,0,0,0,0,0,0
14757395258967641292,0,0,0,0,0,0,0,0,0
14757395258967641292,0,0,0,0,0,0,0,0,0
14757395258967641292,0,-1,-1,1,0,6,1,-1,5
14757395258967641292,0,-2,0,-1,-4,-5,-4,-3,-19
14757395258967641292,0,0,0,0,0,0,0,0,0
14757395258967641292,0,-2,0,-3,0,4,1,1,1
14757395258967641292,0,0,0,0,0,0,0,0,0
14757395258967641292,-1,-2,-1,-3,-2,-2,-3,-1,-15
14757395258967641292,0,0,0,0,0,0,0,0,0
14757395258967641292,0,0,0,0,0,0,0,0,0
14757395258967641292,1,0,-1,-1,-2,-2,-3,1,-7
14757395258967641292,0,0,0,0,0,0,0,0,0
14757395258967641292,0,0,0,0,0,0,0,0,0
14757395258967641292,0,0,0,0,0,0,0,0,0
14757395258967641292,-2,0,-2,-6,-5,-4,-1,-1,-21
14757395258967641292,0,1,2,0,4,1,1,0,9
14757395258967641292,0,0,0,0,0,0,0,0,0
14757395258967641292,-3,-2,-2,1,-3,-3,2,0,-10
14757395258967641292,0,0,0,0,0,0,0,0,0
14757395258967641292,-1,-1,-1,-4,-9,-6,-4,-1,-27
14757395258967641292,0,0,0,0,0,0,0,0,0
14757395258967641292,0,0,0,0,0,0,0,0,0
14757395258967641292,-1,-2,0,0,-1,2,3,0,1
14757395258967641292,0,0,0,0,0,0,0,0,0
14757395258967641292,0,0,0,0,0,0,0,0,0
14757395258967641292,0,0,0,0,0,0,0,0,0
14757395258967641292,-2,-2,-4,2,-1,-9,-5,-2,-23
14757395258967641292,-2,1,0,2,7,4,1,-1,12
14757395258967641292,0,0,0,0,0,0,0,0,0
14757395258967641292,1,-2,0,1,-4,-4,-4,0,-12
14757395258967641292,0,0,0,0,0,0,0,0,0
14757395258967641292,0,-1,-2,-1,-3,-2,-2,0,-11
14757395258967641292,0,0,0,0,0,0,0,0,0
14757395258967641292,0,0,0,0,0,0,0,0,0
14757395258967641292,-1,0,1,0,0,1,-1,-2,-2
14757395258967641292,0,0,0,0,0,0,0,0,0
14757395258967641292,0,0,0,0,0,0,0,0,0
14757395258967641292,0,0,0,0,0,0,0,0,0
14757395258967641292,-2,1,1,-3,1,0,-1,0,-3
14757395258967641292,-2,0,-3,2,1,2,3,1,4
14757395258967641292,0,0,0,0,0,0,0,0,0
14757395258967641292,-1,-2,0,-2,2,0,0,-3,-6
14757395258967641292,0,0,0,0,0,0,0,0,0
14757395258967641292,0,0,-3,2,-2,-3,-2,-1,-9
14757395258967641292,0,0,0,0,0,0,0,0,0
14757395258967641292,0,0,0,0,0,0,0,0,0
14757395258967641292,0,0,2,2,2,2,0,1,9
14757395258967641292,0,0,0,0,0,0,0,0,0
14757395258967641292,0,0,0,0,0,0,0,0,0
14757395258967641292,0,0,0,0,0,0,0,0,0
14757395258967641292,-1,-3,0,-1,-5,-3,-2,-2,-17
14757395258967641292,-2,-3,-3,1,4,4,0,1,2
14757395258967641292,0,0,0,0,0,0,0,0,0
14757395258967641292,0,-2,-2,1,0,4,1,-1,1
14757395258967641292,0,0,0,0,0,0,0,0,0
14757395258967641292,-1,-2,-2,0,0,-1,0,0,-6
14757395258967641292,0,0,0,0,0,0,0,0,0
14757395258967641292,0,0,0,0,0,0,0,0,0
14757395258967641292,-3,-2,-1,0,1,-2,-2,-3,-12
14757395258967641292,0,0,0,0,0,0,0,0,0
14757395258967641292,0,0,0,0,0,0,0,0,0
14757395258967641292,0,0,0,0,0,0,0,0,0
14757395258967641292,-2,-2,-2,-2,-7,-5,-4,-1,-25
14757395258967641292,-1,-1,0,-3,-2,1,2,-1,-5
14757395258967641292,0,0,0,0,0,0,0,0,0
14757395258967641292,-1,2,0,1,5,3,5,0,15
14757395258967641292,0,0,0,0,0,0,0,0,0
14757395258967641292,-1,-4,-1,0,-4,-6,-5,-3,-24
14757395258967641292,0,0,0,0,0,0,0,0,0
14757395258967641292,0,0,0,0,0,0,0,0,0
14757395258967641292,0,-1,0,-1,-2,-1,0,-2,-7
14757395258967641292,0,0,0,0,0,0,0,0,0
14757395258967641292,0,0,0,0,0,0,0,0,0
14757395258967641292,0,0,0,0,0,0,0,0,0
14757395258967641292,-1,0,1,1,-2,2,-1,0,0
14757395258967641292,-1,-1,-1,-1,-1,1,-1,0,-5
14757395258967641292,0,0,0,0,0,0,0,0,0
14757395258967641292,-2,-1,-1,-4,-4,-5,-3,-4,-24
14757395258967641292,0,0,0,0,0,0,0,0,0
14757395258967641292,-1,-1,0,0,1,2,2,0,3
14757395258967641292,0,0,0,0,0,0,0,0,0
14757395258967641292,0,0,0,0,0,0,0,0,0
14757395258967641292,-1,-2,-2,0,-2,-5,-1,-2,-15
14757395258967641292,1,0,-1,1,8,7,2,0,18
14757395258967641292,0,0,0,0,0,0,0,0,0
14757395258967641292,0,0,0,0,0,0,0,0,0
14757395258967641292,-1,1,-1,-3,-1,-3,-3,-1,-12
14757395258967641292,0,0,0,0,0,0,0,0,0
14757395258967641292,0,0,0,0,0,0,0,0,0
14757395258967641292,-2,-2,-4,-1,0,-2,-4,0,-15
14757395258967641292,0,0,0,0,0,0,0,0,0
14757395258967641292,-1,0,0,-1,-3,-3,1,1,-6
14757395258967641292,0,0,0,0,0,0,0,0,0
14757395258967641292,0,0,0,0,0,0,0,0,0
14757395258967641292,1,-2,-2,-1,1,2,3,1,3
14757395258967641292,-2,0,-2,-2,-3,-4,-4,-3,-20
14757395258967641292,0,0,0,0,0,0,0,0,0
14757395258967641292,0,0,0,0,0,0,0,0,0
14757395258967641292,-1,-3,0,-2,0,1,0,0,-5
14757395258967641292,0,0,0,0,0,0,0,0,0
14757395258967641292,0,0,0,0,0,0,0,0,0
14757395258967641292,1,0,0,-1,0,1,-3,1,-1
14757395258967641292,0,0,0,0,0,0,0,0,0
14757395258967641292,-1,-1,-1,-2,-7,-3,-1,-2,-18
14757395258967641292,0,0,0,0,0,0,0,0,0
14757395258967641292,0,0,0,0,0,0,0,0,0
14757395258967641292,-2,0,-3,1,2,-2,-1,-1,-6
14757395258967641292,-2,0,0,0,3,1,-3,0,-1
14757395258967641292,0,0,0,0,0,0,0,0,0
14757395258967641292,0,0,0,0,0,0,0,0,0
14757395258967641292,0,-2,1,-1,-3,-1,-2,-3,-11
14757395258967641292,0,-3,-1,-3,-5,-3,-2,0,-17
14757395258967641292,0,0,0,0,0,0,0,0,0
14757395258967641292,0,0,0,-1,2,1,0,0,2
14757395258967641292,0,0,0,0,0,0,0,0,0
14757395258967641292,-2,-2,0,-4,-6,-7,-3,-4,-28
14757395258967641292,0,0,0,0,0,0,0,0,0
14757395258967641292,0,0,0,0,0,0,0,0,0
14757395258967641292,-1,0,-3,-2,1,-1,-2,-1,-9
14757395258967641292,-2,0,-2,-3,-2,1,-2,-2,-12
14757395258967641292,0,0,0,0,0,0,0,0,0
14757395258967641292,0,0,0,0,0,0,0,0,0
14757395258967641292,-2,-1,-1,-2,-1,2,0,-1,-6
14757395258967641292,-3,-1,-2,0,-1,-2,1,0,-8
14757395258967641292,0,0,0,0,0,0,0,0,0
14757395258967641292,0,0,0,0,0,0,0,0,0
14757395258967641292,0,0,0,0,0,0,0,0,0
14757395258967641292,-1,0,-2,0,-1,3,1,-1,-1
14757395258967641292,0,0,0,0,0,0,0,0,0
14757395258967641292,0,0,0,0,0,0,0,0,0
14757395258967641292,-2,-4,-3,2,-1,-7,-4,-2,-21
14757395258967641292,0,0,0,0,0,0,0,0,0
14757395258967641292,0,0,0,0,0,0,0,0,0
14757395258967641292,0,0,0,0,0,0,0,0,0
14757395258967641292,-1,-2,-1,-2,-1,-2,-3,-2,-14
14757395258967641292,1,1,1,1,5,6,3,1,19
14757395258967641292,0,0,0,0,0,0,0,0,0
14757395258967641292,0,0,0,0,0,0,0,0,0
14757395258967641292,0,0,0,0,0,0,0,0,0
14757395258967641292,-1,-2,0,-2,-4,-7,-2,-1,-19
14757395258967641292,0,0,0,0,0,0,0,0,0
14757395258967641292,0,0,0,0,0,0,0,0,0
14757395258967641292,-1,-3,-1,0,1,1,2,-1,-2
14757395258967641292,0,0,0,0,0,0,0,0,0
14757395258967641292,0,0,0,0,0,0,0,0,0
14757395258967641292,0,0,0,0,0,0,0,0,0
14757395258967641292,-1,-3,-1,-3,-7,-4,-2,1,-20
14757395258967641292,1,0,0,-3,1,-1,-1,-1,-4
14757395258967641292,0,0,0,0,0,0,0,0,0
14757395258967641292,0,0,0,0,0,0,0,0,0
14757395258967641292,0,0,0,0,0,0,0,0,0
14757395258967641292,0,0,-2,-3,-2,-3,-5,-1,-16
14757395258967641292,0,0,0,0,0,0,0,0,0
14757395258967641292,0,0,0,0,0,0,0,0,0
14757395258967641292,-2,0,-1,-3,-3,-3,-1,-1,-14
14757395258967641292,0,0,0,0,0,0,0,0,0
14757395258967641292,0,0,0,0,0,0,0,0,0
14757395258967641292,0,0,0,0,0,0,0,0,0
14757395258967641292,0,-1,1,4,2,3,1,1,11
14757395258967641292,-1,-2,-2,-1,-4,-2,-2,-3,-17
14757395258967641292,0,0,0,0,0,0,0,0,0
14757395258967641292,0,0,0,0,0,0,0,0,0
14757395258967641292,0,0,0,0,0,0,0,0,0
14757395258967641292,0,-1,-3,-3,-1,-2,-3,-1,-14
14757395258967641292,0,0,0,0,0,0,0,0,0
14757395258967641292,0,0,0,0,0,0,0,0,0
14757395258967641292,0,-1,-2,0,2,-2,-1,0,-4
14757395258967641292,-2,0,-2,0,0,-1,1,1,-3
14757395258967641292,0,0,0,0,0,0,0,0,0
14757395258967641292,0,0,0,0,0,0,0,0,0
14757395258967641292,-2,-1,-3,-3,-4,-4,-3,-3,-23
14757395258967641292,-2,-2,-1,0,-3,1,-1,-2,-10
14757395258967641292,0,0,0,0,0,0,0,0,0
14757395258967641292,0,0,0,0,0,0,0,0,0
14757395258967641292,0,0,0,0,0,0,0,0,0
14757395258967641292,-1,-1,0,-1,-1,-2,0,-1,-7
14757395258967641292,0,0,0,0,0,0,0,0,0
14757395258967641292,0,0,0,0,0,0,0,0,0
14757395258967641292,-2,-2,-2,-1,1,1,2,-1,-4
14757395258967641292,-1,-2,-1,-1,-1,0,-1,-2,-9
14757395258967641292,0,0,0,0,0,0,0,0,0
14757395258967641292,0,0,0,0,0,0,0,0,0
14757395258967641292,-1,-1,-1,-6,-5,-6,-5,-1,-26
14757395258967641292,-1,-3,-1,0,2,4,2,0,3
14757395258967641292,0,0,0,0,0,0,0,0,0
14757395258967641292,0,0,0,0,0,0,0,0,0
14757395258967641292,0,0,0,0,0,0,0,0,0
14757395258967641292,0,1,-2,0,1,2,-1,2,3
14757395258967641292,0,0,0,0,0,0,0,0,0
14757395258967641292,0,0,0,0,0,0,0,0,0
14757395258967641292,0,0,-3,0,0,0,1,1,-1
14757395258967641292,0,0,0,0,1,1,-1,0,1
14757395258967641292,0,0,0,0,0,0,0,0,0
14757395258967641292,0,0,0,0,0,0,0,0,0
14757395258967641292,-1,-1,-2,-4,-6,-3,-4,-2,-23
14757395258967641292,-2,0,1,-1,-4,-6,-3,-3,-18
14757395258967641292,0,0,0,0,0,0,0,0,0
14757395258967641292,0,0,0,0,0,0,0,0,0
14757395258967641292,0,0,0,0,0,0,0,0,0
14757395258967641292,-1,-3,-1,0,-3,0,-1,0,-9
14757395258967641292,0,0,0,0,0,0,0,0,0
14757395258967641292,0,0,0,0,0,0,0,0,0
14757395258967641292,-4,-1,0,-4,-4,-10,-3,-3,-29
14757395258967641292,-3,0,0,0,-1,2,1,1,0
14757395258967641292,0,0,0,0,0,0,0,0,0
14757395258967641292,0,0,0,0,0,0,0,0,0
14757395258967641292,-1,-3,-1,0,3,0,0,-1,-3
14757395258967641292,-2,-1,-4,-1,-7,-4,-1,-4,-24
14757395258967641292,0,0,0,0,0,0,0,0,0
14757395258967641292,0,0,0,0,0,0,0,0,0
14757395258967641292,0,0,0,0,0,0,0,0,0
14757395258967641292,1,-2,-1,-3,1,0,-1,-1,-6
14757395258967641292,0,0,0,0,0,0,0,0,0
14757395258967641292,0,0,0,0,0,0,0,0,0
14757395258967641292,0,-2,-1,0,-2,0,0,-2,-7
14757395258967641292,0,2,-2,-1,0,-1,0,0,-2
14757395258967641292,0,0,0,0,0,0,0,0,0
14757395258967641292,0,0,0,0,0,0,0,0,0
14757395258967641292,0,0,-1,-3,-5,-7,-5,-2,-23
14757395258967641292,-1,-2,-2,0,1,3,-1,-2,-4
14757395258967641292,0,0,0,0,0,0,0,0,0
14757395258967641292,0,0,0,0,0,0,0,0,0
14757395258967641292,0,0,0,0,0,0,0,0,0
14757395258967641292,-1,0,0,-6,-4,-8,-5,-3,-27
14757395258967641292,0,0,0,0,0,0,0,0,0
14757395258967641292,-1,0,-1,0,2,5,2,-1,6
14757395258967641292,0,0,0,0,0,0,0,0,0
14757395258967641292,0,-1,-1,-1,-2,-1,1,0,-5
14757395258967641292,0,0,0,0,0,0,0,0,0
14757395258967641292,0,0,0,0,0,0,0,0,0
14757395258967641292,1,0,0,-1,-2,-2,-2,-2,-8
14757395258967641292,-1,0,0,-2,1,1,-1,1,-1
14757395258967641292,0,0,0,0,0,0,0,0,0
14757395258967641292,0,0,0,0,0,0,0,0,0
14757395258967641292,0,0,0,0,0,0,0,0,0
14757395258967641292,0,-1,0,3,3,6,5,0,16
14757395258967641292,0,0,0,0,0,0,0,0,0
14757395258967641292,0,0,0,0,0,0,0,0,0
14757395258967641292,-2,-2,-1,-2,-3,-3,-3,-3,-19
14757395258967641292,-3,0,-2,0,-3,-2,-3,-2,-15
14757395258967641292,0,0,0,0,0,0,0,0,0
14757395258967641292,0,0,0,0,0,0,0,0,0
14757395258967641292,0,0,0,1,4,5,2,1,13
14757395258967641292,-2,-1,-1,-2,-2,-5,-2,0,-15
14757395258967641292,0,0,0,0,0,0,0,0,0
14757395258967641292,0,0,0,0,0,0,0,0,0
14757395258967641292,0,0,0,0,0,0,0,0,0
14757395258967641292,0,-2,-1,-2,-2,-3,0,-3,-13
14757395258967641292,0,0,0,0,0,0,0,0,0
14757395258967641292,0,0,0,0,0,0,0,0,0
14757395258967641292,-1,-3,-3,-2,-2,-1,-2,0,-14
14757395258967641292,0,-1,0,1,4,1,-1,0,4
14757395258967641292,0,0,0,0,0,0,0,0,0
14757395258967641292,0,0,0,0,0,0,0,0,0
14757395258967641292,-3,-1,1,-1,-3,3,2,0,-2
14757395258967641292,-1,-3,0,-4,-5,-6,-4,-1,-24
14757395258967641292,0,0,0,0,0,0,0,0,0
14757395258967641292,0,0,0,0,0,0,0,0,0
14757395258967641292,0,0,0,0,0,0,0,0,0
14757395258967641292,0,-2,-1,2,4,-1,0,-2,0
14757395258967641292,0,0,0,0,0,0,0,0,0
14757395258967641292,-2,-4,-4,-3,-7,-4,-1,-2,-27
14757395258967641292,0,0,0,0,0,0,0,0,0
14757395258967641292,-2,0,-1,-1,-2,0,0,0,-6
14757395258967641292,0,0,0,0,0,0,0,0,0
14757395258967641292,0,0,0,0,0,0,0,0,0
14757395258967641292,0,1,2,2,3,5,2,0,15
14757395258967641292,-2,-2,-1,-1,-5,-2,-4,0,-17
14757395258967641292,0,0,0,0,0,0,0,0,0
14757395258967641292,0,0,0,0,0,0,0,0,0
14757395258967641292,0,0,0,0,0,0,0,0,0
14757395258967641292,0,-1,0,0,3,4,3,0,9
14757395258967641292,0,0,0,0,0,0,0,0,0
14757395258967641292,0,-1,-4,0,4,1,0,-1,-1
14757395258967641292,0,0,0,0,0,0,0,0,0
14757395258967641292,-1,-1,-2,-3,-5,-2,-3,-2,-19
14757395258967641292,0,0,0,0,0,0,0,0,0
