14757395258967641292,0,0,0,0,0,0,0,0,0
14757395258967641292,0,0,0,0,0,0,0,0,0
14757395258967641292,0,1,1,-2,-3,-3,-3,1,-8
14757395258967641292,0,0,0,0,0,0,0,0,0
14757395258967641292,0,0,0,0,0,0,0,0,0
14757395258967641292,0,0,0,0,0,0,0,0,0
14757395258967641292,1,-1,-2,3,1,-4,-26,-6,-34
14757395258967641292,0,0,0,0,0,0,0,0,0
14757395258967641292,0,0,0,0,0,0,0,0,0
14757395258967641292,1,-2,-3,1,-1,5,33,8,42
14757395258967641292,-1,-1,-2,0,0,2,-5,-1,-8
14757395258967641292,0,0,0,0,0,0,0,0,0
14757395258967641292,0,0,0,0,0,0,0,0,0
14757395258967641292,0,0,0,0,0,0,0,0,0
14757395258967641292,-2,-4,-5,-1,-3,1,19,2,7
14757395258967641292,0,0,0,0,0,0,0,0,0
14757395258967641292,0,0,0,0,0,0,0,0,0
14757395258967641292,0,0,0,0,0,0,0,0,0
14757395258967641292,2,0,2,-3,0,1,-28,-2,-28
14757395258967641292,-1,-2,-7,-6,-3,-3,-5,-3,-30
14757395258967641292,0,0,0,0,0,0,0,0,0
14757395258967641292,1,-3,-2,-2,-1,3,67,14,77
14757395258967641292,0,0,0,0,0,0,0,0,0
14757395258967641292,0,-2,1,1,-1,1,-2,-2,-4
14757395258967641292,0,0,0,0,0,0,0,0,0
14757395258967641292,0,0,0,0,0,0,0,0,0
14757395258967641292,0,-1,6,-1,4,10,-29,11,0
14757395258967641292,0,0,0,0,0,0,0,0,0
14757395258967641292,0,0,0,0,0,0,0,0,0
14757395258967641292,0,0,0,0,0,0,0,0,0
14757395258967641292,-5,4,9,14,0,-24,-115,-87,-204
14757395258967641292,-2,0,38,-4,-8,-4,62,-8,74
14757395258967641292,0,0,0,0,0,0,0,0,0
14757395258967641292,8,7,-4,3,9,30,127,111,291
14757395258967641292,0,0,0,0,0,0,0,0,0
14757395258967641292,1,7,19,15,-3,-23,27,-21,22
14757395258967641292,0,0,0,0,0,0,0,0,0
14757395258967641292,0,0,0,0,0,0,0,0,0
14757395258967641292,-4,0,-31,-2,6,4,-104,-12,-143
14757395258967641292,0,0,0,0,0,0,0,0,0
14757395258967641292,0,0,0,0,0,0,0,0,0
14757395258967641292,0,0,0,0,0,0,0,0,0
14757395258967641292,2,14,36,15,0,-14,13,-64,2
14757395258967641292,10,-10,-57,-10,-2,3,38,37,9
14757395258967641292,0,0,0,0,0,0,0,0,0
14757395258967641292,6,6,-16,-1,10,17,76,55,153
14757395258967641292,0,0,0,0,0,0,0,0,0
14757395258967641292,1,12,63,5,-2,-5,127,34,235
14757395258967641292,0,0,0,0,0,0,0,0,0
14757395258967641292,0,0,0,0,0,0,0,0,0
14757395258967641292,6,-7,-62,-42,-10,6,48,62,1
14757395258967641292,-15,3,0,-10,2,-13,-70,-88,-191
14757395258967641292,0,0,0,0,0,0,0,0,0
14757395258967641292,0,0,0,0,0,0,0,0,0
14757395258967641292,-10,-22,-31,13,-7,-4,102,12,53
14757395258967641292,5,0,-17,10,13,33,-26,29,47
14757395258967641292,0,0,0,0,0,0,0,0,0
14757395258967641292,-13,-2,68,10,-10,-25,-5,-45,-22
14757395258967641292,0,0,0,0,0,0,0,0,0
14757395258967641292,9,-3,8,23,2,14,126,61,240
14757395258967641292,0,0,0,0,0,0,0,0,0
14757395258967641292,0,0,0,0,0,0,0,0,0
14757395258967641292,-14,-9,45,-13,-19,-37,4,-72,-115
14757395258967641292,0,0,0,0,0,0,0,0,0
14757395258967641292,0,0,0,0,0,0,0,0,0
14757395258967641292,0,0,0,0,0,0,0,0,0
14757395258967641292,-7,12,19,11,12,4,-99,-63,-111
14757395258967641292,0,0,0,0,0,0,0,0,0
14757395258967641292,0,0,0,0,0,0,0,0,0
14757395258967641292,14,2,20,-8,-3,5,-99,18,-51
14757395258967641292,0,0,0,0,0,0,0,0,0
14757395258967641292,10,3,-4,3,15,33,101,88,249
14757395258967641292,0,0,0,0,0,0,0,0,0
14757395258967641292,0,0,0,0,0,0,0,0,0
14757395258967641292,7,0,-14,31,4,8,97,83,216
14757395258967641292,0,0,0,0,0,0,0,0,0
14757395258967641292,0,0,0,0,0,0,0,0,0
14757395258967641292,0,0,0,0,0,0,0,0,0
14757395258967641292,0,0,0,0,0,0,0,0,0
14757395258967641292,15,-3,-36,10,3,9,108,51,157
14757395258967641292,0,0,0,0,0,0,0,0,0
14757395258967641292,4,-2,0,23,15,19,27,6,92
14757395258967641292,0,0,0,0,0,0,0,0,0
14757395258967641292,2,-9,-9,-30,-5,-15,-80,-40,-186
14757395258967641292,0,0,0,0,0,0,0,0,0
14757395258967641292,0,0,0,0,0,0,0,0,0
14757395258967641292,-3,-12,-20,4,-21,-36,9,-52,-131
14757395258967641292,0,0,0,0,0,0,0,0,0
14757395258967641292,0,0,0,0,0,0,0,0,0
14757395258967641292,0,0,0,0,0,0,0,0,0
14757395258967641292,-13,-7,9,-24,-9,-24,-89,-58,-215
14757395258967641292,0,0,0,0,0,0,0,0,0
14757395258967641292,0,0,0,0,0,0,0,0,0
14757395258967641292,3,-7,16,6,-3,4,38,27,84
14757395258967641292,0,0,0,0,0,0,0,0,0
14757395258967641292,-7,21,9,-11,2,5,46,29,94
14757395258967641292,0,0,0,0,0,0,0,0,0
14757395258967641292,0,0,0,0,0,0,0,0,0
14757395258967641292,-4,17,32,-5,2,14,-11,8,53
14757395258967641292,0,0,0,0,0,0,0,0,0
14757395258967641292,0,0,0,0,0,0,0,0,0
14757395258967641292,0,0,0,0,0,0,0,0,0
14757395258967641292,-19,-11,-1,-11,-5,3,124,3,83
14757395258967641292,0,0,0,0,0,0,0,0,0
14757395258967641292,0,0,0,0,0,0,0,0,0
14757395258967641292,-5,9,3,0,4,-8,-55,-71,-123
14757395258967641292,0,0,0,0,0,0,0,0,0
14757395258967641292,20,6,-27,1,5,30,123,97,255
14757395258967641292,0,0,0,0,0,0,0,0,0
14757395258967641292,0,0,0,0,0,0,0,0,0
14757395258967641292,-4,6,-7,11,-10,-15,-71,-37,-127
14757395258967641292,0,0,0,0,0,0,0,0,0
14757395258967641292,0,0,0,0,0,0,0,0,0
14757395258967641292,0,0,0,0,0,0,0,0,0
14757395258967641292,-18,-4,17,7,-1,6,-1,21,27
14757395258967641292,-4,-8,28,4,11,12,63,14,120
14757395258967641292,0,0,0,0,0,0,0,0,0
14757395258967641292,0,0,0,0,0,0,0,0,0
14757395258967641292,0,0,0,0,0,0,0,0,0
14757395258967641292,-7,-26,-21,5,-10,-16,-70,-26,-171
14757395258967641292,0,0,0,0,0,0,0,0,0
14757395258967641292,0,0,0,0,0,0,0,0,0
14757395258967641292,11,10,-26,-38,-4,-27,-125,-81,-280
14757395258967641292,0,0,0,0,0,0,0,0,0
14757395258967641292,0,0,0,0,0,0,0,0,0
14757395258967641292,0,0,0,0,0,0,0,0,0
14757395258967641292,-9,-22,-6,3,-4,-13,-45,-1,-97
14757395258967641292,5,5,-9,18,12,16,17,-39,25
14757395258967641292,0,0,0,0,0,0,0,0,0
14757395258967641292,11,2,2,6,9,20,114,38,202
14757395258967641292,0,0,0,0,0,0,0,0,0
14757395258967641292,-11,-14,20,-12,-8,8,42,3,28
14757395258967641292,0,0,0,0,0,0,0,0,0
14757395258967641292,0,0,0,0,0,0,0,0,0
14757395258967641292,4,1,6,-21,-6,-12,51,6,29
14757395258967641292,0,0,0,0,0,0,0,0,0
14757395258967641292,0,0,0,0,0,0,0,0,0
14757395258967641292,0,0,0,0,0,0,0,0,0
14757395258967641292,-11,30,61,-8,-7,-1,-126,-69,-131
14757395258967641292,1,14,-23,-2,-11,-5,94,14,82
14757395258967641292,0,0,0,0,0,0,0,0,0
14757395258967641292,0,0,0,0,0,0,0,0,0
14757395258967641292,0,0,0,0,0,0,0,0,0
14757395258967641292,-23,-18,21,-15,-11,1,28,-18,-35
14757395258967641292,0,0,0,0,0,0,0,0,0
14757395258967641292,0,0,0,0,0,0,0,0,0
14757395258967641292,14,-4,8,0,6,-6,15,73,106
14757395258967641292,0,0,0,0,0,0,0,0,0
14757395258967641292,0,0,0,0,0,0,0,0,0
14757395258967641292,0,0,0,0,0,0,0,0,0
14757395258967641292,-8,37,70,-17,-2,11,127,103,321
14757395258967641292,-20,4,52,14,-8,-40,-128,-73,-199
14757395258967641292,0,0,0,0,0,0,0,0,0
14757395258967641292,0,0,0,0,0,0,0,0,0
14757395258967641292,0,0,0,0,0,0,0,0,0
14757395258967641292,-20,-38,-31,-7,13,9,-95,-5,-174
14757395258967641292,0,0,0,0,0,0,0,0,0
14757395258967641292,0,0,0,0,0,0,0,0,0
14757395258967641292,15,-15,-40,27,4,54,127,88,260
14757395258967641292,0,0,0,0,0,0,0,0,0
14757395258967641292,0,0,0,0,0,0,0,0,0
14757395258967641292,0,0,0,0,0,0,0,0,0
14757395258967641292,0,44,-27,-3,4,20,83,16,137
14757395258967641292,0,0,0,0,0,0,0,0,0
14757395258967641292,0,0,0,0,0,0,0,0,0
14757395258967641292,0,0,0,0,0,0,0,0,0
14757395258967641292,0,0,0,0,0,0,0,0,0
14757395258967641292,5,-11,14,3,1,6,57,20,95
14757395258967641292,0,0,0,0,0,0,0,0,0
14757395258967641292,0,0,0,0,0,0,0,0,0
14757395258967641292,-5,0,-42,-40,-16,-24,12,-38,-153
14757395258967641292,2,82,63,3,-2,-18,-43,-58,29
14757395258967641292,0,0,0,0,0,0,0,0,0
14757395258967641292,0,0,0,0,0,0,0,0,0
14757395258967641292,-7,-11,-3,12,-8,-1,78,-8,52
14757395258967641292,0,0,0,0,0,0,0,0,0
14757395258967641292,0,0,0,0,0,0,0,0,0
14757395258967641292,0,0,0,0,0,0,0,0,0
14757395258967641292,0,0,0,0,0,0,0,0,0
14757395258967641292,7,-42,-48,24,1,-1,91,22,54
14757395258967641292,0,0,0,0,0,0,0,0,0
14757395258967641292,0,0,0,0,0,0,0,0,0
14757395258967641292,-10,-13,40,-4,-1,22,85,42,161
14757395258967641292,-6,-23,-44,-4,-9,-43,-116,-42,-287
14757395258967641292,0,0,0,0,0,0,0,0,0
14757395258967641292,0,0,0,0,0,0,0,0,0
14757395258967641292,-11,-4,21,-28,-9,-25,-81,-19,-156
14757395258967641292,0,0,0,0,0,0,0,0,0
14757395258967641292,0,0,0,0,0,0,0,0,0
14757395258967641292,0,0,0,0,0,0,0,0,0
14757395258967641292,0,0,0,0,0,0,0,0,0
14757395258967641292,22,-18,-25,-13,19,24,121,54,184
14757395258967641292,0,0,0,0,0,0,0,0,0
14757395258967641292,0,0,0,0,0,0,0,0,0
14757395258967641292,-18,-57,38,12,-6,-17,-22,-32,-102
14757395258967641292,-5,-13,-55,5,-5,8,36,32,3
14757395258967641292,0,0,0,0,0,0,0,0,0
14757395258967641292,0,0,0,0,0,0,0,0,0
14757395258967641292,13,35,11,7,4,8,105,44,227
14757395258967641292,0,0,0,0,0,0,0,0,0
14757395258967641292,0,0,0,0,0,0,0,0,0
14757395258967641292,0,0,0,0,0,0,0,0,0
14757395258967641292,0,0,0,0,0,0,0,0,0
14757395258967641292,-3,37,20,8,-4,-9,3,-32,20
14757395258967641292,0,0,0,0,0,0,0,0,0
14757395258967641292,0,0,0,0,0,0,0,0,0
14757395258967641292,2,-65,-41,-5,8,27,127,113,166
14757395258967641292,-19,-21,27,-15,-14,-11,65,-25,-13
14757395258967641292,0,0,0,0,0,0,0,0,0
14757395258967641292,0,0,0,0,0,0,0,0,0
14757395258967641292,15,91,3,38,1,8,-1,2,157
14757395258967641292,0,0,0,0,0,0,0,0,0
14757395258967641292,7,-60,-31,16,11,23,-16,11,-39
14757395258967641292,0,0,0,0,0,0,0,0,0
14757395258967641292,0,0,0,0,0,0,0,0,0
14757395258967641292,2,43,-5,-3,-4,-8,-9,1,17
14757395258967641292,0,0,0,0,0,0,0,0,0
14757395258967641292,0,0,0,0,0,0,0,0,0
14757395258967641292,-5,-29,-22,-13,-15,-31,-80,-46,-241
14757395258967641292,-6,-15,22,-5,9,-2,-6,-25,-28
14757395258967641292,0,0,0,0,0,0,0,0,0
14757395258967641292,0,0,0,0,0,0,0,0,0
14757395258967641292,6,84,-54,-40,-5,-3,21,-26,-17
14757395258967641292,8,-15,19,-2,5,18,86,-5,114
14757395258967641292,0,0,0,0,0,0,0,0,0
14757395258967641292,0,0,0,0,0,0,0,0,0
14757395258967641292,0,0,0,0,0,0,0,0,0
14757395258967641292,-1,32,28,-2,0,-7,2,28,80
14757395258967641292,0,0,0,0,0,0,0,0,0
14757395258967641292,0,0,0,0,0,0,0,0,0
14757395258967641292,-13,25,55,7,-7,-25,-86,-81,-125
14757395258967641292,-16,5,-4,-17,-13,-1,2,10,-34
14757395258967641292,0,0,0,0,0,0,0,0,0
14757395258967641292,0,0,0,0,0,0,0,0,0
14757395258967641292,17,2,-4,17,16,29,110,83,270
14757395258967641292,6,-43,-24,-13,-3,-10,-120,-40,-247
14757395258967641292,0,0,0,0,0,0,0,0,0
14757395258967641292,0,0,0,0,0,0,0,0,0
14757395258967641292,0,0,0,0,0,0,0,0,0
14757395258967641292,13,56,1,40,10,7,-26,25,126
14757395258967641292,0,0,0,0,0,0,0,0,0
14757395258967641292,0,0,0,0,0,0,0,0,0
14757395258967641292,1,-25,-2,-16,2,22,116,43,141
14757395258967641292,-20,-35,-3,-1,-7,-9,34,-19,-60
14757395258967641292,0,0,0,0,0,0,0,0,0
14757395258967641292,0,0,0,0,0,0,0,0,0
14757395258967641292,-1,17,-11,13,2,3,-9,-7,7
14757395258967641292,1,11,-33,0,-9,-14,-16,-16,-76
14757395258967641292,0,0,0,0,0,0,0,0,0
14757395258967641292,0,0,0,0,0,0,0,0,0
14757395258967641292,0,0,0,0,0,0,0,0,0
14757395258967641292,1,-42,1,-4,0,-2,-12,-20,-78
14757395258967641292,0,0,0,0,0,0,0,0,0
14757395258967641292,0,0,0,0,0,0,0,0,0
14757395258967641292,-5,29,3,4,2,-1,-32,-2,-2
14757395258967641292,-9,-11,26,-14,-4,-4,-60,-55,-131
14757395258967641292,0,0,0,0,0,0,0,0,0
14757395258967641292,0,0,0,0,0,0,0,0,0
14757395258967641292,-2,5,-1,-7,-3,-2,50,0,40
14757395258967641292,12,26,19,-1,5,9,65,29,164
14757395258967641292,0,0,0,0,0,0,0,0,0
14757395258967641292,0,0,0,0,0,0,0,0,0
14757395258967641292,0,0,0,0,0,0,0,0,0
14757395258967641292,-1,3,-5,-7,0,-4,6,7,-1
14757395258967641292,0,0,0,0,0,0,0,0,0
14757395258967641292,2,9,-10,2,0,1,-14,-1,-11
14757395258967641292,0,0,0,0,0,0,0,0,0
14757395258967641292,-5,4,-6,-4,-3,0,12,5,3
14757395258967641292,0,0,0,0,0,0,0,0,0
14757395258967641292,0,0,0,0,0,0,0,0,0
14757395258967641292,2,13,6,1,4,0,4,4,34
14757395258967641292,-1,-8,-6,-5,-4,-5,-1,-3,-33
14757395258967641292,0,0,0,0,0,0,0,0,0
14757395258967641292,0,0,0,0,0,0,0,0,0
14757395258967641292,0,0,0,0,0,0,0,0,0
14757395258967641292,-2,3,4,-4,-2,-2,-4,-2,-9
14757395258967641292,0,0,0,0,0,0,0,0,0
14757395258967641292,-3,3,6,4,1,-8,1,0,4
14757395258967641292,0,0,0,0,0,0,0,0,0
14757395258967641292,2,2,-5,-1,-2,2,9,5,12
14757395258967641292,0,0,0,0,0,0,0,0,0
14757395258967641292,0,0,0,0,0,0,0,0,0
14757395258967641292,-5,-10,37,2,-5,-3,-8,-12,-4
14757395258967641292,-6,-1,5,-12,-8,-4,-2,-8,-36
14757395258967641292,0,0,0,0,0,0,0,0,0
14757395258967641292,0,0,0,0,0,0,0,0,0
14757395258967641292,0,0,0,0,0,0,0,0,0
14757395258967641292,9,2,69,4,0,-3,3,14,98
14757395258967641292,0,0,0,0,0,0,0,0,0
14757395258967641292,1,12,31,12,4,2,1,-1,62
14757395258967641292,0,0,0,0,0,0,0,0,0
14757395258967641292,-11,-9,-1,-25,-12,-5,-2,10,-55
14757395258967641292,0,0,0,0,0,0,0,0,0
14757395258967641292,0,0,0,0,0,0,0,0,0
14757395258967641292,1,1,-74,1,2,2,-4,2,-69
14757395258967641292,-10,-10,-46,-17,-2,2,-2,-37,-122
14757395258967641292,0,0,0,0,0,0,0,0,0
14757395258967641292,0,0,0,0,0,0,0,0,0
14757395258967641292,0,0,0,0,0,0,0,0,0
14757395258967641292,7,9,-2,27,10,5,5,9,70
14757395258967641292,0,0,0,0,0,0,0,0,0
14757395258967641292,0,0,0,0,0,0,0,0,0
14757395258967641292,0,0,0,0,0,0,0,0,0
14757395258967641292,-5,-17,38,-11,-8,-6,-6,-10,-25
14757395258967641292,2,-15,0,4,2,-4,0,3,-8
14757395258967641292,0,0,0,0,0,0,0,0,0
14757395258967641292,6,28,-43,-10,-5,0,-1,9,-16
14757395258967641292,1,10,37,-5,-4,-5,-6,1,29
14757395258967641292,0,0,0,0,0,0,0,0,0
14757395258967641292,0,0,0,0,0,0,0,0,0
14757395258967641292,0,0,0,0,0,0,0,0,0
14757395258967641292,-4,-8,-32,6,2,7,2,-1,-28
14757395258967641292,0,0,0,0,0,0,0,0,0
14757395258967641292,-5,4,7,-5,-3,-3,0,-3,-8
14757395258967641292,0,0,0,0,0,0,0,0,0
14757395258967641292,0,-9,1,4,1,-1,0,3,-1
14757395258967641292,0,0,0,0,0,0,0,0,0
14757395258967641292,0,0,0,0,0,0,0,0,0
14757395258967641292,4,9,-20,6,0,2,3,0,4
14757395258967641292,0,0,0,0,0,0,0,0,0
14757395258967641292,0,0,0,0,0,0,0,0,0
14757395258967641292,0,0,0,0,0,0,0,0,0
14757395258967641292,0,0,0,0,0,0,0,0,0
14757395258967641292,-2,17,6,0,0,1,-1,1,22
14757395258967641292,0,0,0,0,0,0,0,0,0
14757395258967641292,-8,1,-6,-2,0,0,-1,-1,-17
14757395258967641292,0,0,0,0,0,0,0,0,0
14757395258967641292,-6,32,-29,-14,-4,-3,-1,-1,-26
14757395258967641292,0,0,0,0,0,0,0,0,0
14757395258967641292,0,0,0,0,0,0,0,0,0
14757395258967641292,5,-10,12,6,2,1,2,3,21
14757395258967641292,0,0,0,0,0,0,0,0,0
14757395258967641292,0,0,0,0,0,0,0,0,0
14757395258967641292,0,0,0,0,0,0,0,0,0
14757395258967641292,0,0,0,0,0,0,0,0,0
14757395258967641292,0,-13,-9,0,1,-1,0,0,-22
14757395258967641292,0,0,0,0,0,0,0,0,0
14757395258967641292,0,0,0,0,0,0,0,0,0
14757395258967641292,0,0,0,0,0,0,0,0,0
14757395258967641292,0,3,-10,3,1,0,-3,0,-6
14757395258967641292,0,0,0,0,0,0,0,0,0
14757395258967641292,0,0,0,0,0,0,0,0,0
14757395258967641292,0,-4,-6,-2,-5,-4,-1,0,-22
14757395258967641292,0,0,0,0,0,0,0,0,0
14757395258967641292,0,0,0,0,0,0,0,0,0
14757395258967641292,0,0,0,0,0,0,0,0,0
14757395258967641292,0,0,0,0,0,0,0,0,0
14757395258967641292,1,-16,-6,-2,-1,-2,0,-2,-28
14757395258967641292,0,0,0,0,0,0,0,0,0
14757395258967641292,0,0,0,0,0,0,0,0,0
14757395258967641292,0,0,0,0,0,0,0,0,0
14757395258967641292,-3,-6,15,-2,-1,0,-1,-3,-1
14757395258967641292,0,0,0,0,0,0,0,0,0
14757395258967641292,0,0,0,0,0,0,0,0,0
14757395258967641292,3,11,-11,-1,2,-5,2,0,1
14757395258967641292,1,-12,-8,-1,-3,-1,-3,1,-26
14757395258967641292,0,0,0,0,0,0,0,0,0
14757395258967641292,0,0,0,0,0,0,0,0,0
14757395258967641292,0,0,0,0,0,0,0,0,0
14757395258967641292,-1,-2,-2,-1,0,2,0,-1,-5
14757395258967641292,0,0,0,0,0,0,0,0,0
14757395258967641292,0,0,0,0,0,0,0,0,0
14757395258967641292,0,0,0,0,0,0,0,0,0
14757395258967641292,0,5,8,-1,4,0,-5,0,11
14757395258967641292,0,0,0,0,0,0,0,0,0
14757395258967641292,0,0,0,0,0,0,0,0,0
14757395258967641292,2,4,2,-3,-2,1,-1,2,5
14757395258967641292,-2,1,11,-4,1,1,0,1,9
14757395258967641292,0,0,0,0,0,0,0,0,0
14757395258967641292,0,0,0,0,0,0,0,0,0
14757395258967641292,0,0,0,0,0,0,0,0,0
14757395258967641292,0,-2,-9,2,-1,0,-1,2,-9
14757395258967641292,0,0,0,0,0,0,0,0,0
14757395258967641292,0,0,0,0,0,0,0,0,0
14757395258967641292,0,0,0,0,0,0,0,0,0
14757395258967641292,-1,0,-2,2,1,-2,1,0,-1
14757395258967641292,0,0,0,0,0,0,0,0,0
14757395258967641292,0,0,0,0,0,0,0,0,0
14757395258967641292,-3,0,-5,-1,1,0,-1,-3,-12
14757395258967641292,1,-3,-3,-3,-1,0,0,1,-8
14757395258967641292,0,0,0,0,0,0,0,0,0
14757395258967641292,0,0,0,0,0,0,0,0,0
14757395258967641292,0,0,0,0,0,0,0,0,0
14757395258967641292,-2,-1,-6,-3,0,-1,-1,-1,-15
14757395258967641292,0,0,0,0,0,0,0,0,0
14757395258967641292,0,0,0,0,0,0,0,0,0
14757395258967641292,0,0,0,0,0,0,0,0,0
14757395258967641292,-5,12,6,5,-3,-4,0,-4,7
14757395258967641292,0,0,0,0,0,0,0,0,0
14757395258967641292,0,0,0,0,0,0,0,0,0
14757395258967641292,-1,-2,-13,0,-1,3,1,0,-13
14757395258967641292,0,0,0,0,0,0,0,0,0
14757395258967641292,0,-3,-31,-3,-2,-1,0,1,-39
14757395258967641292,0,0,0,0,0,0,0,0,0
14757395258967641292,0,0,0,0,0,0,0,0,0
14757395258967641292,-2,0,14,-2,-1,-1,-3,-3,2
14757395258967641292,0,0,0,0,0,0,0,0,0
14757395258967641292,0,0,0,0,0,0,0,0,0
14757395258967641292,0,0,0,0,0,0,0,0,0
14757395258967641292,0,1,0,2,1,2,-1,-2,3
14757395258967641292,-2,-4,0,-2,-3,0,-2,-2,-15
14757395258967641292,0,0,0,0,0,0,0,0,0
14757395258967641292,-3,17,6,0,2,-2,2,-2,20
14757395258967641292,3,0,4,2,0,-2,-2,0,5
14757395258967641292,0,0,0,0,0,0,0,0,0
14757395258967641292,0,0,0,0,0,0,0,0,0
14757395258967641292,0,0,0,0,0,0,0,0,0
14757395258967641292,-1,0,-5,-3,0,0,2,0,-7
14757395258967641292,0,0,0,0,0,0,0,0,0
14757395258967641292,0,0,0,0,0,0,0,0,0
14757395258967641292,0,0,0,0,0,0,0,0,0
14757395258967641292,1,-1,-4,0,-1,1,1,0,-3
14757395258967641292,-1,-7,4,1,-4,-1,-2,-1,-11
14757395258967641292,0,0,0,0,0,0,0,0,0
14757395258967641292,0,-3,-5,-2,0,-2,-1,0,-13
14757395258967641292,0,3,-7,-2,1,-2,-2,-2,-11
14757395258967641292,0,0,0,0,0,0,0,0,0
14757395258967641292,0,0,0,0,0,0,0,0,0
14757395258967641292,0,0,0,0,0,0,0,0,0
14757395258967641292,-2,-3,5,0,-3,-2,-1,1,-5
14757395258967641292,0,0,0,0,0,0,0,0,0
14757395258967641292,0,0,0,0,0,0,0,0,0
14757395258967641292,0,0,0,0,0,0,0,0,0
14757395258967641292,-2,-2,3,0,-3,-4,-5,-3,-16
14757395258967641292,-1,0,17,-2,-4,3,0,-2,11
14757395258967641292,0,0,0,0,0,0,0,0,0
14757395258967641292,-3,-18,-11,-3,-3,0,2,-2,-38
14757395258967641292,-3,-11,-5,-1,-2,1,1,-1,-21
14757395258967641292,0,0,0,0,0,0,0,0,0
14757395258967641292,0,0,0,0,0,0,0,0,0
14757395258967641292,0,0,0,0,0,0,0,0,0
14757395258967641292,0,-1,-2,-3,-2,-2,-2,-2,-14
14757395258967641292,0,0,0,0,0,0,0,0,0
14757395258967641292,0,0,0,0,0,0,0,0,0
14757395258967641292,0,0,0,0,0,0,0,0,0
14757395258967641292,-1,-1,1,-1,-3,-1,0,-2,-8
14757395258967641292,-1,1,8,2,0,-3,-1,0,6
14757395258967641292,0,0,0,0,0,0,0,0,0
14757395258967641292,-1,0,1,-4,-2,1,0,-1,-6
14757395258967641292,0,0,0,0,0,0,0,0,0
14757395258967641292,-3,1,1,-1,-1,-3,-1,-2,-9
14757395258967641292,0,0,0,0,0,0,0,0,0
14757395258967641292,0,0,0,0,0,0,0,0,0
14757395258967641292,1,-2,-6,-2,0,0,-1,-2,-12
14757395258967641292,0,0,0,0,0,0,0,0,0
14757395258967641292,0,0,0,0,0,0,0,0,0
14757395258967641292,0,0,0,0,0,0,0,0,0
14757395258967641292,1,7,8,-2,-1,-3,-1,0,9
14757395258967641292,0,0,0,0,0,0,0,0,0
14757395258967641292,0,0,0,0,0,0,0,0,0
14757395258967641292,-2,1,-1,1,-1,0,-1,0,-3
14757395258967641292,0,0,0,0,0,0,0,0,0
14757395258967641292,0,0,6,0,0,0,-3,-1,2
14757395258967641292,0,0,0,0,0,0,0,0,0
14757395258967641292,0,0,0,0,0,0,0,0,0
14757395258967641292,-3,8,-31,-4,-1,-1,0,-1,-33
14757395258967641292,0,0,0,0,0,0,0,0,0
14757395258967641292,0,0,0,0,0,0,0,0,0
14757395258967641292,0,0,0,0,0,0,0,0,0
14757395258967641292,2,-2,-8,5,2,0,-1,-1,-3
14757395258967641292,0,0,0,0,0,0,0,0,0
14757395258967641292,0,0,0,0,0,0,0,0,0
14757395258967641292,-2,3,-4,0,4,-1,1,1,2
14757395258967641292,0,0,0,0,0,0,0,0,0
14757395258967641292,0,-3,4,0,-1,-3,-4,0,-7
14757395258967641292,0,0,0,0,0,0,0,0,0
14757395258967641292,0,0,0,0,0,0,0,0,0
14757395258967641292,-1,-3,-2,-3,0,-1,-2,-3,-15
14757395258967641292,0,0,0,0,0,0,0,0,0
14757395258967641292,0,0,0,0,0,0,0,0,0
14757395258967641292,0,0,0,0,0,0,0,0,0
14757395258967641292,-1,2,-7,-2,-2,-3,-2,0,-15
14757395258967641292,-2,-5,11,-1,-3,0,1,0,1
14757395258967641292,0,0,0,0,0,0,0,0,0
14757395258967641292,0,4,-1,1,2,0,-1,0,5
14757395258967641292,0,0,0,0,0,0,0,0,0
14757395258967641292,-1,11,-4,-2,-1,-1,-1,-2,-1
14757395258967641292,0,0,0,0,0,0,0,0,0
14757395258967641292,0,0,0,0,0,0,0,0,0
14757395258967641292,0,-7,-4,-1,-2,1,2,1,-10
14757395258967641292,0,0,0,0,0,0,0,0,0
14757395258967641292,0,0,0,0,0,0,0,0,0
14757395258967641292,0,0,0,0,0,0,0,0,0
14757395258967641292,-1,-2,-3,-4,-1,0,-1,-1,-13
14757395258967641292,0,-4,-1,0,1,-1,-2,-2,-9
14757395258967641292,0,0,0,0,0,0,0,0,0
14757395258967641292,-1,-3,5,-2,-2,-3,-2,-1,-9
14757395258967641292,0,0,0,0,0,0,0,0,0
14757395258967641292,0,-5,3,1,-2,-1,0,-2,-6
14757395258967641292,0,0,0,0,0,0,0,0,0
14757395258967641292,0,0,0,0,0,0,0,0,0
14757395258967641292,1,1,-2,-5,-3,-6,-1,0,-15
14757395258967641292,0,0,0,0,0,0,0,0,0
14757395258967641292,0,0,0,0,0,0,0,0,0
14757395258967641292,0,0,0,0,0,0,0,0,0
14757395258967641292,0,-4,-7,2,4,5,1,0,1
14757395258967641292,-1,-2,-4,-1,-1,4,1,0,-4
14757395258967641292,0,0,0,0,0,0,0,0,0
14757395258967641292,-1,-1,-1,-1,-4,-1,-1,-2,-12
14757395258967641292,0,0,0,0,0,0,0,0,0
14757395258967641292,-2,-2,1,0,1,0,0,-1,-3
14757395258967641292,0,0,0,0,0,0,0,0,0
14757395258967641292,0,0,0,0,0,0,0,0,0
14757395258967641292,-1,0,-2,-3,-3,-1,-5,-1,-16
14757395258967641292,0,0,0,0,0,0,0,0,0
14757395258967641292,0,0,0,0,0,0,0,0,0
14757395258967641292,0,0,0,0,0,0,0,0,0
14757395258967641292,-1,-1,-1,0,-1,-1,0,-1,-6
14757395258967641292,-2,-1,-2,0,0,0,1,-1,-5
14757395258967641292,0,0,0,0,0,0,0,0,0
14757395258967641292,-2,-2,-3,0,-1,-1,-1,-1,-11
14757395258967641292,0,0,0,0,0,0,0,0,0
14757395258967641292,-4,-1,-8,-3,-1,-1,-1,-3,-22
14757395258967641292,0,0,0,0,0,0,0,0,0
14757395258967641292,0,0,0,0,0,0,0,0,0
14757395258967641292,0,0,6,3,-2,0,0,1,8
14757395258967641292,0,0,0,0,0,0,0,0,0
14757395258967641292,0,0,0,0,0,0,0,0,0
14757395258967641292,0,0,0,0,0,0,0,0,0
14757395258967641292,1,-2,-4,0,-1,-1,-2,-1,-10
14757395258967641292,-2,-4,-1,-1,-3,-3,-1,-1,-16
14757395258967641292,0,0,0,0,0,0,0,0,0
14757395258967641292,0,0,0,0,0,0,0,0,0
14757395258967641292,0,0,0,0,0,0,0,0,0
14757395258967641292,-2,-4,2,-2,1,-3,-1,-1,-10
14757395258967641292,0,0,0,0,0,0,0,0,0
14757395258967641292,0,0,0,0,0,0,0,0,0
14757395258967641292,-2,1,0,1,0,-1,1,-2,-2
14757395258967641292,0,2,0,-1,-1,1,-3,-1,-3
14757395258967641292,0,0,0,0,0,0,0,0,0
14757395258967641292,0,0,0,0,0,0,0,0,0
14757395258967641292,0,0,2,1,-1,-3,-1,0,-2
14757395258967641292,0,0,-1,-1,-5,-4,0,-1,-12
14757395258967641292,0,0,0,0,0,0,0,0,0
14757395258967641292,0,0,0,0,0,0,0,0,0
14757395258967641292,0,0,0,0,0,0,0,0,0
14757395258967641292,0,0,0,1,0,2,0,1,4
14757395258967641292,0,0,0,0,0,0,0,0,0
14757395258967641292,0,0,0,0,0,0,0,0,0
14757395258967641292,-1,-3,-7,-1,-4,-2,-1,-2,-21
14757395258967641292,0,0,0,0,0,0,0,0,0
14757395258967641292,0,0,0,0,0,0,0,0,0
14757395258967641292,0,0,0,0,0,0,0,0,0
14757395258967641292,-2,3,16,0,2,2,-1,-1,19
14757395258967641292,-1,-1,-2,0,0,-3,0,-1,-8
14757395258967641292,0,0,0,0,0,0,0,0,0
14757395258967641292,0,0,0,0,0,0,0,0,0
14757395258967641292,0,0,0,0,0,0,0,0,0
14757395258967641292,-2,-4,0,-1,-2,1,-1,0,-9
14757395258967641292,0,0,0,0,0,0,0,0,0
14757395258967641292,0,0,0,0,0,0,0,0,0
14757395258967641292,-2,-1,2,0,1,3,-1,1,3
14757395258967641292,-1,0,1,0,0,-2,-2,-1,-5
14757395258967641292,0,0,0,0,0,0,0,0,0
14757395258967641292,0,0,0,0,0,0,0,0,0
14757395258967641292,0,-2,-3,1,-3,-2,1,-3,-11
14757395258967641292,-1,-1,0,-3,-1,-3,0,-1,-10
14757395258967641292,0,0,0,0,0,0,0,0,0
14757395258967641292,0,0,0,0,0,0,0,0,0
14757395258967641292,0,0,0,0,0,0,0,0,0
14757395258967641292,1,-1,3,0,2,5,-2,-2,6
14757395258967641292,0,0,0,0,0,0,0,0,0
14757395258967641292,0,0,0,0,0,0,0,0,0
14757395258967641292,-2,-2,-4,-3,-4,-4,3,-2,-18
14757395258967641292,-1,-2,-3,-2,0,-1,-2,0,-11
14757395258967641292,0,0,0,0,0,0,0,0,0
14757395258967641292,0,0,0,0,0,0,0,0,0
14757395258967641292,-2,-2,1,1,1,3,-2,0,0
14757395258967641292,0,0,0,0,0,0,0,0,0
14757395258967641292,0,0,0,0,0,0,0,0,0
14757395258967641292,0,0,0,0,0,0,0,0,0
14757395258967641292,0,0,0,0,0,0,0,0,0
14757395258967641292,1,0,-1,0,1,-4,-1,0,-4
14757395258967641292,0,0,0,0,0,0,0,0,0
14757395258967641292,0,0,0,0,0,0,0,0,0
14757395258967641292,2,-4,-1,-1,-1,0,-3,-1,-9
14757395258967641292,-1,1,-4,-1,-3,-2,-1,-1,-12
14757395258967641292,0,0,0,0,0,0,0,0,0
14757395258967641292,0,0,0,0,0,0,0,0,0
14757395258967641292,-2,-1,-3,-1,-3,-3,0,0,-13
14757395258967641292,0,0,0,0,0,0,0,0,0
14757395258967641292,0,0,0,0,0,0,0,0,0
14757395258967641292,0,0,0,0,0,0,0,0,0
14757395258967641292,0,0,0,0,0,0,0,0,0
14757395258967641292,-2,-12,-5,-2,0,0,0,-2,-23
14757395258967641292,0,0,0,0,0,0,0,0,0
14757395258967641292,0,0,0,0,0,0,0,0,0
14757395258967641292,1,-4,-4,-1,-3,1,-3,-1,-14
14757395258967641292,-2,2,0,-1,1,-1,2,0,1
14757395258967641292,0,0,0,0,0,0,0,0,0
14757395258967641292,0,0,0,0,0,0,0,0,0
14757395258967641292,-1,2,2,-1,-1,0,-3,-2,-4
14757395258967641292,0,0,0,0,0,0,0,0,0
14757395258967641292,0,0,0,0,0,0,0,0,0
14757395258967641292,0,0,0,0,0,0,0,0,0
14757395258967641292,0,0,0,0,0,0,0,0,0
14757395258967641292,-2,-1,2,1,0,1,0,-1,0
14757395258967641292,0,0,0,0,0,0,0,0,0
14757395258967641292,0,0,0,0,0,0,0,0,0
14757395258967641292,0,-1,-1,0,-2,0,-2,0,-6
14757395258967641292,-2,2,5,-2,-4,-2,-1,-1,-5
14757395258967641292,0,0,0,0,0,0,0,0,0
14757395258967641292,0,0,0,0,0,0,0,0,0
14757395258967641292,-1,-1,0,0,-2,-4,-2,-2,-12
14757395258967641292,0,0,0,0,0,0,0,0,0
14757395258967641292,0,0,0,0,0,0,0,0,0
14757395258967641292,0,0,0,0,0,0,0,0,0
14757395258967641292,0,0,0,0,0,0,0,0,0
14757395258967641292,1,0,-2,-1,-1,-1,0,0,-4
14757395258967641292,0,0,0,0,0,0,0,0,0
14757395258967641292,0,0,0,0,0,0,0,0,0
14757395258967641292,-1,0,-3,-1,-1,2,-2,-1,-7
14757395258967641292,1,-3,-3,-1,-1,-1,-3,1,-10
14757395258967641292,0,0,0,0,0,0,0,0,0
14757395258967641292,0,0,0,0,0,0,0,0,0
14757395258967641292,-3,1,-1,-3,-1,0,1,-1,-7
14757395258967641292,0,0,0,0,0,0,0,0,0
14757395258967641292,0,0,0,0,0,0,0,0,0
14757395258967641292,0,0,0,0,0,0,0,0,0
14757395258967641292,0,0,0,0,0,0,0,0,0
14757395258967641292,0,-2,-2,-1,-1,-3,-2,-3,-14
14757395258967641292,0,0,0,0,0,0,0,0,0
14757395258967641292,0,0,0,0,0,0,0,0,0
14757395258967641292,0,-2,-3,0,-3,-3,1,-1,-11
14757395258967641292,-2,-3,-7,-1,0,1,0,0,-12
14757395258967641292,0,0,0,0,0,0,0,0,0
14757395258967641292,0,0,0,0,0,0,0,0,0
14757395258967641292,-1,0,0,-2,-2,-2,0,-1,-8
14757395258967641292,0,0,0,0,0,0,0,0,0
14757395258967641292,0,0,0,0,0,0,0,0,0
14757395258967641292,0,0,0,0,0,0,0,0,0
14757395258967641292,0,0,0,0,0,0,0,0,0
14757395258967641292,0,4,1,0,-2,-1,-1,-2,-1
14757395258967641292,0,0,0,0,0,0,0,0,0
14757395258967641292,0,0,0,0,0,0,0,0,0
14757395258967641292,-2,-1,-1,0,-2,-3,-2,-2,-13
14757395258967641292,-1,1,1,1,0,-1,-2,-2,-3
14757395258967641292,0,0,0,0,0,0,0,0,0
14757395258967641292,0,0,0,0,0,0,0,0,0
14757395258967641292,-1,-2,-1,-1,-1,1,1,-1,-5
14757395258967641292,-1,-3,-1,0,-2,1,1,0,-5
14757395258967641292,0,0,0,0,0,0,0,0,0
14757395258967641292,0,0,0,0,0,0,0,0,0
14757395258967641292,0,0,0,0,0,0,0,0,0
14757395258967641292,-1,-4,-7,-3,0,2,2,0,-11
14757395258967641292,0,0,0,0,0,0,0,0,0
14757395258967641292,0,0,0,0,0,0,0,0,0
14757395258967641292,0,-1,4,0,0,0,-2,-2,-1
14757395258967641292,0,-2,-1,-1,-2,-3,-5,1,-13
14757395258967641292,0,0,0,0,0,0,0,0,0
14757395258967641292,0,0,0,0,0,0,0,0,0
14757395258967641292,-1,-2,-4,-1,2,-1,0,0,-7
14757395258967641292,0,-1,-1,-1,0,0,-1,-2,-6
14757395258967641292,0,0,0,0,0,0,0,0,0
14757395258967641292,0,0,0,0,0,0,0,0,0
14757395258967641292,0,0,0,0,0,0,0,0,0
14757395258967641292,-1,0,1,-1,0,-2,-3,1,-5
14757395258967641292,0,0,0,0,0,0,0,0,0
14757395258967641292,0,2,12,0,-1,0,-4,0,9
14757395258967641292,0,0,0,0,0,0,0,0,0
14757395258967641292,-2,-4,-2,-3,-1,-2,-4,-3,-21
14757395258967641292,0,0,0,0,0,0,0,0,0
14757395258967641292,0,0,0,0,0,0,0,0,0
14757395258967641292,-1,0,0,0,0,-1,1,0,-1
14757395258967641292,1,0,-1,0,-2,0,-1,-1,-4
14757395258967641292,0,0,0,0,0,0,0,0,0
14757395258967641292,0,0,0,0,0,0,0,0,0
14757395258967641292,0,0,0,0,0,0,0,0,0
14757395258967641292,-1,-1,-4,-1,-2,-1,-2,1,-11
14757395258967641292,0,0,0,0,0,0,0,0,0
14757395258967641292,0,0,-7,-2,-2,-2,1,0,-12
14757395258967641292,0,0,0,0,0,0,0,0,0
14757395258967641292,0,-1,0,0,0,-1,0,-1,-3
14757395258967641292,0,0,0,0,0,0,0,0,0
14757395258967641292,0,0,0,0,0,0,0,0,0
14757395258967641292,-2,-1,3,-2,0,-1,0,0,-3
14757395258967641292,-1,1,-1,-1,0,-1,1,-1,-3
14757395258967641292,0,0,0,0,0,0,0,0,0
14757395258967641292,0,0,0,0,0,0,0,0,0
14757395258967641292,0,0,0,0,0,0,0,0,0
14757395258967641292,-1,0,-3,-1,-2,-1,1,-1,-8
14757395258967641292,0,0,0,0,0,0,0,0,0
14757395258967641292,-1,1,1,-2,-3,-1,1,-2,-6
14757395258967641292,0,0,0,0,0,0,0,0,0
14757395258967641292,0,0,4,2,1,1,0,0,8
14757395258967641292,0,0,0,0,0,0,0,0,0
14757395258967641292,0,0,0,0,0,0,0,0,0
14757395258967641292,-1,-4,-3,-2,0,0,-2,-1,-13
14757395258967641292,-1,-1,-2,0,-1,1,3,0,-1
14757395258967641292,0,0,0,0,0,0,0,0,0
14757395258967641292,0,0,0,0,0,0,0,0,0
14757395258967641292,0,0,0,0,0,0,0,0,0
14757395258967641292,-2,-1,-1,-2,1,-4,-5,-2,-16
14757395258967641292,0,0,0,0,0,0,0,0,0
14757395258967641292,-1,2,-1,1,1,0,1,-1,2
14757395258967641292,0,0,0,0,0,0,0,0,0
14757395258967641292,-1,-2,0,-1,-2,-1,-1,-2,-10
14757395258967641292,0,0,0,0,0,0,0,0,0
14757395258967641292,0,0,0,0,0,0,0,0,0
14757395258967641292,-1,0,-1,-2,-3,-4,-3,-1,-15
14757395258967641292,-1,-2,-3,-1,0,6,5,0,4
14757395258967641292,0,0,0,0,0,0,0,0,0
14757395258967641292,0,0,0,0,0,0,0,0,0
14757395258967641292,0,0,0,0,0,0,0,0,0
14757395258967641292,-2,-1,0,-3,-3,-6,-3,-3,-21
14757395258967641292,0,0,0,0,0,0,0,0,0
14757395258967641292,0,0,0,0,0,0,0,0,0
14757395258967641292,0,0,0,0,0,0,0,0,0
14757395258967641292,0,-8,-7,-2,-1,-2,-3,-2,-25
14757395258967641292,0,-3,0,1,-1,-2,-1,0,-6
14757395258967641292,0,0,0,0,0,0,0,0,0
14757395258967641292,0,0,-2,-2,0,-1,1,-3,-7
14757395258967641292,-1,-1,-1,-1,-2,-3,-5,0,-14
14757395258967641292,0,0,0,0,0,0,0,0,0
14757395258967641292,0,0,0,0,0,0,0,0,0
14757395258967641292,0,0,0,0,0,0,0,0,0
14757395258967641292,-1,0,-2,-3,-1,1,0,-1,-7
14757395258967641292,0,0,0,0,0,0,0,0,0
14757395258967641292,0,0,0,0,0,0,0,0,0
14757395258967641292,0,0,0,0,0,0,0,0,0
14757395258967641292,-1,-1,-3,-1,0,2,0,-1,-5
14757395258967641292,0,-2,0,0,0,0,-2,0,-4
14757395258967641292,0,0,0,0,0,0,0,0,0
14757395258967641292,-3,-2,0,-1,-4,-1,-1,-2,-14
14757395258967641292,-1,0,2,0,0,-1,0,-1,-1
14757395258967641292,0,0,0,0,0,0,0,0,0
14757395258967641292,0,0,0,0,0,0,0,0,0
14757395258967641292,0,0,0,0,0,0,0,0,0
14757395258967641292,-2,0,4,-1,1,-2,-3,-2,-5
14757395258967641292,0,0,0,0,0,0,0,0,0
14757395258967641292,0,0,0,0,0,0,0,0,0
14757395258967641292,0,0,0,0,0,0,0,0,0
14757395258967641292,-3,-1,-3,0,-1,0,-1,-2,-11
14757395258967641292,0,0,0,0,0,0,0,0,0
14757395258967641292,0,0,0,0,0,0,0,0,0
14757395258967641292,1,-2,4,0,-1,-1,-1,-1,-1
14757395258967641292,0,0,0,0,0,0,0,0,0
14757395258967641292,0,0,0,0,0,0,0,0,0
14757395258967641292,0,0,0,0,0,0,0,0,0
14757395258967641292,0,0,0,0,0,0,0,0,0
14757395258967641292,-1,-3,-6,0,-1,-3,-2,-2,-18
14757395258967641292,0,0,0,0,0,0,0,0,0
14757395258967641292,0,0,0,0,0,0,0,0,0
14757395258967641292,0,0,0,0,0,0,0,0,0
14757395258967641292,-1,2,0,-1,-3,-2,0,-2,-7
14757395258967641292,0,0,0,0,0,0,0,0,0
14757395258967641292,0,0,0,0,0,0,0,0,0
14757395258967641292,-1,-2,2,0,-1,-2,-1,-1,-6
14757395258967641292,0,0,-1,-1,-1,0,-1,-1,-5
14757395258967641292,0,0,0,0,0,0,0,0,0
14757395258967641292,0,0,0,0,0,0,0,0,0
14757395258967641292,0,0,0,0,0,0,0,0,0
14757395258967641292,-1,-3,0,-2,-5,-2,-1,-1,-15
14757395258967641292,0,0,0,0,0,0,0,0,0
14757395258967641292,0,0,0,0,0,0,0,0,0
14757395258967641292,0,0,0,0,0,0,0,0,0
14757395258967641292,-1,-3,-5,-2,1,2,-3,0,-11
14757395258967641292,-2,0,-5,-1,1,1,0,-1,-7
14757395258967641292,0,0,0,0,0,0,0,0,0
14757395258967641292,-2,-6,-2,-1,1,-4,0,-1,-15
14757395258967641292,0,0,0,0,0,0,0,0,0
14757395258967641292,0,0,7,0,-2,-1,-3,-1,0
14757395258967641292,0,0,0,0,0,0,0,0,0
14757395258967641292,0,0,0,0,0,0,0,0,0
14757395258967641292,-1,0,-4,-2,-1,1,1,0,-6
14757395258967641292,0,0,0,0,0,0,0,0,0
14757395258967641292,0,0,0,0,0,0,0,0,0
14757395258967641292,0,0,0,0,0,0,0,0,0
14757395258967641292,0,0,-3,-1,-3,4,1,-1,-3
14757395258967641292,-1,0,7,-4,-1,0,-4,-1,-4
14757395258967641292,0,0,0,0,0,0,0,0,0
14757395258967641292,-1,0,-2,0,0,-3,-4,-3,-13
14757395258967641292,0,0,0,0,0,0,0,0,0
14757395258967641292,-3,-3,-1,1,1,0,-1,-2,-8
14757395258967641292,0,0,0,0,0,0,0,0,0
14757395258967641292,0,0,0,0,0,0,0,0,0
14757395258967641292,-2,-2,-3,-1,0,-2,-1,-2,-13
14757395258967641292,0,0,0,0,0,0,0,0,0
14757395258967641292,0,0,0,0,0,0,0,0,0
14757395258967641292,0,0,0,0,0,0,0,0,0
14757395258967641292,0,-1,-2,-1,-2,-1,-2,-2,-11
14757395258967641292,0,-1,-4,-1,1,1,0,1,-3
14757395258967641292,0,0,0,0,0,0,0,0,0
14757395258967641292,-3,0,0,-1,-2,-1,0,-2,-9
14757395258967641292,-1,-1,-1,0,-3,-2,0,-2,-10
14757395258967641292,0,0,0,0,0,0,0,0,0
14757395258967641292,0,0,0,0,0,0,0,0,0
14757395258967641292,0,0,0,0,0,0,0,0,0
14757395258967641292,-2,-1,-5,-3,0,1,-1,0,-11
14757395258967641292,0,0,0,0,0,0,0,0,0
14757395258967641292,0,0,0,0,0,0,0,0,0
14757395258967641292,0,0,0,0,0,0,0,0,0
14757395258967641292,-3,-3,-1,0,0,-3,-3,-2,-15
14757395258967641292,-1,-10,-8,-2,-3,-2,1,0,-25
14757395258967641292,0,0,0,0,0,0,0,0,0
14757395258967641292,0,1,-2,0,-2,-2,0,-1,-6
14757395258967641292,-4,-3,0,-2,-3,-2,-4,-2,-20
14757395258967641292,0,0,0,0,0,0,0,0,0
14757395258967641292,0,0,0,0,0,0,0,0,0
14757395258967641292,0,0,0,0,0,0,0,0,0
14757395258967641292,-1,4,0,0,-4,-3,-2,-3,-9
14757395258967641292,0,0,0,0,0,0,0,0,0
14757395258967641292,0,0,0,0,0,0,0,0,0
14757395258967641292,0,0,0,0,0,0,0,0,0
14757395258967641292,-3,0,-1,-3,-3,-2,-3,-1,-16
14757395258967641292,0,-1,-4,-1,3,1,-1,0,-3
14757395258967641292,0,0,0,0,0,0,0,0,0
14757395258967641292,0,2,1,-5,-3,1,-1,-1,-6
14757395258967641292,0,0,0,0,0,0,0,0,0
14757395258967641292,-1,6,5,0,1,-2,1,0,10
14757395258967641292,0,0,0,0,0,0,0,0,0
14757395258967641292,0,0,0,0,0,0,0,0,0
14757395258967641292,-1,-2,-4,-2,-2,0,3,1,-7
14757395258967641292,0,0,0,0,0,0,0,0,0
14757395258967641292,0,0,0,0,0,0,0,0,0
14757395258967641292,0,0,0,0,0,0,0,0,0
14757395258967641292,0,0,0,0,1,0,-1,-1,-1
14757395258967641292,0,0,0,0,0,0,0,0,0
14757395258967641292,0,0,0,0,0,0,0,0,0
14757395258967641292,-2,-2,-2,0,0,0,1,0,-5
14757395258967641292,0,0,0,0,0,0,0,0,0
14757395258967641292,1,-3,0,-1,0,2,0,0,-1
14757395258967641292,0,0,0,0,0,0,0,0,0
14757395258967641292,0,0,0,0,0,0,0,0,0
14757395258967641292,1,-3,-2,2,-2,-1,-1,0,-6
14757395258967641292,0,0,0,0,0,0,0,0,0
14757395258967641292,0,0,0,0,0,0,0,0,0
14757395258967641292,0,0,0,0,0,0,0,0,0
14757395258967641292,-1,0,0,-1,3,0,0,-2,-1
14757395258967641292,0,0,0,0,0,0,0,0,0
14757395258967641292,0,0,0,0,0,0,0,0,0
14757395258967641292,-1,-1,0,-2,-2,-1,0,-2,-9
14757395258967641292,0,0,0,0,0,0,0,0,0
14757395258967641292,-2,-2,-3,-1,-1,-1,-1,-1,-12
14757395258967641292,0,0,0,0,0,0,0,0,0
14757395258967641292,0,0,0,0,0,0,0,0,0
14757395258967641292,-3,0,0,-1,-1,-1,-3,-2,-11
14757395258967641292,0,0,0,0,0,0,0,0,0
14757395258967641292,0,0,0,0,0,0,0,0,0
14757395258967641292,0,0,0,0,0,0,0,0,0
14757395258967641292,-1,1,-2,-2,-2,-3,-1,-2,-12
14757395258967641292,0,0,0,0,0,0,0,0,0
14757395258967641292,0,0,0,0,0,0,0,0,0
14757395258967641292,0,-2,-1,0,1,0,-2,-2,-6
14757395258967641292,0,0,0,0,0,0,0,0,0
14757395258967641292,1,1,0,-1,-1,-4,-2,0,-6
14757395258967641292,0,0,0,0,0,0,0,0,0
14757395258967641292,0,0,0,0,0,0,0,0,0
14757395258967641292,0,-2,-1,-1,0,-1,-2,0,-7
14757395258967641292,0,0,0,0,0,0,0,0,0
14757395258967641292,0,0,0,0,0,0,0,0,0
14757395258967641292,0,0,0,0,0,0,0,0,0
14757395258967641292,-2,0,0,0,-3,-1,-3,-1,-10
14757395258967641292,0,0,0,0,0,0,0,0,0
14757395258967641292,0,0,0,0,0,0,0,0,0
14757395258967641292,-1,0,-1,-2,-1,0,0,1,-4
14757395258967641292,0,0,0,0,0,0,0,0,0
14757395258967641292,0,-1,-1,-2,-2,1,2,1,-2
14757395258967641292,0,0,0,0,0,0,0,0,0
14757395258967641292,0,0,0,0,0,0,0,0,0
14757395258967641292,-1,0,-3,-2,-2,1,-2,-2,-11
14757395258967641292,0,0,0,0,0,0,0,0,0
14757395258967641292,0,0,0,0,0,0,0,0,0
14757395258967641292,0,0,0,0,0,0,0,0,0
14757395258967641292,-2,-2,1,1,1,-1,-2,-1,-5
14757395258967641292,0,0,0,0,0,0,0,0,0
14757395258967641292,0,0,0,0,0,0,0,0,0
14757395258967641292,-1,4,-1,-1,0,0,-1,0,0
14757395258967641292,0,0,0,0,0,0,0,0,0
14757395258967641292,0,-1,-2,-2,-2,1,1,1,-4
14757395258967641292,0,0,0,0,0,0,0,0,0
14757395258967641292,0,0,0,0,0,0,0,0,0
14757395258967641292,-2,0,-3,0,-1,-5,-2,-3,-16
14757395258967641292,0,0,0,0,0,0,0,0,0
14757395258967641292,0,0,0,0,0,0,0,0,0
14757395258967641292,0,0,0,0,0,0,0,0,0
14757395258967641292,0,0,0,-1,-1,-1,-1,-2,-6
14757395258967641292,0,-2,3,-1,-1,1,0,-1,-1
14757395258967641292,0,0,0,0,0,0,0,0,0
14757395258967641292,-1,-2,-2,-2,-3,-2,0,0,-12
14757395258967641292,0,0,0,0,0,0,0,0,0
14757395258967641292,-1,0,0,-2,0,-1,-2,-1,-7
14757395258967641292,0,0,0,0,0,0,0,0,0
14757395258967641292,0,0,0,0,0,0,0,0,0
14757395258967641292,-2,-3,-2,-3,-4,0,-1,-1,-16
14757395258967641292,0,0,0,0,0,0,0,0,0
14757395258967641292,0,0,0,0,0,0,0,0,0
14757395258967641292,0,0,0,0,0,0,0,0,0
14757395258967641292,-2,-3,-2,-1,0,-2,-3,-1,-14
14757395258967641292,-1,-1,0,0,-1,-5,-1,1,-8
14757395258967641292,0,0,0,0,0,0,0,0,0
14757395258967641292,-2,-4,1,-4,0,-1,0,-1,-11
14757395258967641292,0,0,0,0,0,0,0,0,0
14757395258967641292,-1,-1,-1,2,1,2,-1,-1,0
14757395258967641292,0,0,0,0,0,0,0,0,0
14757395258967641292,0,0,0,0,0,0,0,0,0
14757395258967641292,0,1,0,-2,0,1,-3,-2,-5
14757395258967641292,0,0,0,0,0,0,0,0,0
14757395258967641292,0,0,0,0,0,0,0,0,0
14757395258967641292,0,0,0,0,0,0,0,0,0
14757395258967641292,-1,0,0,0,0,-1,-1,-1,-4
14757395258967641292,0,-2,-2,0,-1,-3,-3,-2,-13
14757395258967641292,0,0,0,0,0,0,0,0,0
14757395258967641292,0,0,0,0,0,0,0,0,0
14757395258967641292,0,0,0,0,0,0,0,0,0
14757395258967641292,-1,-2,-6,-4,2,2,0,0,-9
14757395258967641292,0,0,0,0,0,0,0,0,0
14757395258967641292,0,0,0,0,0,0,0,0,0
14757395258967641292,1,0,0,0,-4,-2,0,-1,-6
14757395258967641292,0,0,0,0,0,0,0,0,0
14757395258967641292,0,0,0,0,0,0,0,0,0
14757395258967641292,0,0,0,0,0,0,0,0,0
14757395258967641292,0,-2,-1,-1,0,2,2,-3,-3
14757395258967641292,-1,0,-1,-2,-2,-3,-1,0,-10
14757395258967641292,0,0,0,0,0,0,0,0,0
14757395258967641292,0,0,0,0,0,0,0,0,0
14757395258967641292,0,0,0,0,0,0,0,0,0
14757395258967641292,-1,-1,0,0,3,1,2,-1,3
14757395258967641292,0,0,0,0,0,0,0,0,0
14757395258967641292,0,0,0,0,0,0,0,0,0
14757395258967641292,-1,0,6,-1,-2,-1,-3,-1,-3
14757395258967641292,0,0,0,0,0,0,0,0,0
14757395258967641292,0,0,0,0,0,0,0,0,0
14757395258967641292,0,0,0,0,0,0,0,0,0
14757395258967641292,-2,-1,-3,-1,-2,1,-1,-2,-11
14757395258967641292,-2,0,1,-2,-2,-1,-1,1,-6
14757395258967641292,0,0,0,0,0,0,0,0,0
14757395258967641292,0,0,0,0,0,0,0,0,0
14757395258967641292,0,0,0,0,0,0,0,0,0
14757395258967641292,-1,-2,-4,-2,0,-1,0,-1,-11
14757395258967641292,0,0,0,0,0,0,0,0,0
14757395258967641292,0,0,0,0,0,0,0,0,0
14757395258967641292,-1,0,-1,-4,0,-3,-3,-2,-14
14757395258967641292,0,-1,-3,0,-2,-2,1,0,-7
14757395258967641292,0,0,0,0,0,0,0,0,0
14757395258967641292,0,0,0,0,0,0,0,0,0
14757395258967641292,-1,-2,-1,-1,-2,-3,2,1,-7
14757395258967641292,-1,-2,-4,0,-1,-2,-4,-1,-15
14757395258967641292,0,0,0,0,0,0,0,0,0
14757395258967641292,0,0,0,0,0,0,0,0,0
14757395258967641292,0,0,0,0,0,0,0,0,0
14757395258967641292,-1,-2,-3,0,3,-2,-1,-1,-7
14757395258967641292,0,0,0,0,0,0,0,0,0
14757395258967641292,0,0,0,0,0,0,0,0,0
14757395258967641292,-2,-1,-2,1,-1,-2,-1,0,-8
14757395258967641292,0,-1,-3,0,-2,-1,-3,-2,-12
14757395258967641292,0,0,0,0,0,0,0,0,0
14757395258967641292,0,0,0,0,0,0,0,0,0
14757395258967641292,0,0,0,0,0,0,0,0,0
14757395258967641292,0,0,0,0,0,0,0,0,0
14757395258967641292,-1,-2,1,-3,-1,0,-1,0,-7
14757395258967641292,0,0,0,0,0,0,0,0,0
14757395258967641292,0,0,0,0,0,0,0,0,0
14757395258967641292,0,0,-1,1,0,2,-1,-2,-1
14757395258967641292,0,0,0,0,0,0,0,0,0
14757395258967641292,0,0,0,0,0,0,0,0,0
14757395258967641292,-1,-2,-1,0,0,-3,-2,-1,-10
14757395258967641292,-2,-3,-4,-2,-3,-1,-2,-3,-20
14757395258967641292,0,0,0,0,0,0,0,0,0
14757395258967641292,0,0,0,0,0,0,0,0,0
14757395258967641292,2,-1,0,-1,-1,-2,0,0,-3
14757395258967641292,-2,-1,-1,0,-1,-3,1,-1,-8
14757395258967641292,0,0,0,0,0,0,0,0,0
14757395258967641292,0,0,0,0,0,0,0,0,0
14757395258967641292,0,0,0,0,0,0,0,0,0
14757395258967641292,-1,-2,0,-2,-5,-4,-2,0,-16
14757395258967641292,0,0,0,0,0,0,0,0,0
14757395258967641292,0,0,0,0,0,0,0,0,0
14757395258967641292,0,-2,0,-2,0,0,0,0,-4
14757395258967641292,-1,-3,-1,0,0,0,-1,-2,-8
14757395258967641292,0,0,0,0,0,0,0,0,0
14757395258967641292,0,0,0,0,0,0,0,0,0
14757395258967641292,0,0,-1,-2,0,-3,-1,-1,-8
14757395258967641292,0,0,0,0,0,0,0,0,0
14757395258967641292,0,0,0,0,0,0,0,0,0
14757395258967641292,0,0,0,0,0,0,0,0,0
14757395258967641292,0,0,0,0,0,0,0,0,0
14757395258967641292,-1,-1,0,-1,-1,1,-1,1,-3
14757395258967641292,0,0,0,0,0,0,0,0,0
14757395258967641292,0,0,0,0,0,0,0,0,0
14757395258967641292,-2,0,2,0,0,-1,1,0,0
14757395258967641292,0,0,2,3,2,1,0,1,9
14757395258967641292,0,0,0,0,0,0,0,0,0
14757395258967641292,0,0,0,0,0,0,0,0,0
14757395258967641292,0,1,0,-2,-3,-1,0,-2,-7
14757395258967641292,0,0,0,0,0,0,0,0,0
14757395258967641292,0,0,0,0,0,0,0,0,0
14757395258967641292,0,0,0,0,0,0,0,0,0
14757395258967641292,0,0,0,0,0,0,0,0,0
14757395258967641292,0,0,-6,-2,-3,-2,-1,-1,-15
14757395258967641292,0,0,0,0,0,0,0,0,0
14757395258967641292,0,0,0,0,0,0,0,0,0
14757395258967641292,0,-3,-2,-1,-2,-2,-1,-2,-13
14757395258967641292,0,-1,-1,0,0,0,0,-3,-5
14757395258967641292,0,0,0,0,0,0,0,0,0
14757395258967641292,0,0,0,0,0,0,0,0,0
14757395258967641292,0,-1,0,1,-2,-2,-1,0,-5
14757395258967641292,0,0,0,0,0,0,0,0,0
14757395258967641292,0,0,0,0,0,0,0,0,0
14757395258967641292,0,0,0,0,0,0,0,0,0
14757395258967641292,1,2,13,-6,-2,-1,-1,1,7
14757395258967641292,0,0,0,0,0,0,0,0,0
14757395258967641292,0,2,0,-2,-1,0,1,1,1
14757395258967641292,0,0,0,0,0,0,0,0,0
14757395258967641292,0,0,0,0,0,0,0,0,0
14757395258967641292,-2,0,11,-1,-4,-1,0,-1,2
14757395258967641292,0,0,0,0,0,0,0,0,0
14757395258967641292,0,0,0,0,0,0,0,0,0
14757395258967641292,0,0,0,0,0,0,0,0,0
14757395258967641292,-3,-2,-3,1,1,0,0,0,-6
14757395258967641292,-1,-3,-14,0,0,-2,-2,-2,-24
14757395258967641292,0,0,0,0,0,0,0,0,0
14757395258967641292,0,0,0,0,0,0,0,0,0
14757395258967641292,0,0,0,0,0,0,0,0,0
14757395258967641292,0,-2,-10,1,-3,-1,-3,1,-17
14757395258967641292,0,0,0,0,0,0,0,0,0
14757395258967641292,0,0,0,0,0,0,0,0,0
14757395258967641292,0,1,7,1,1,-2,-2,0,6
14757395258967641292,0,0,0,0,0,0,0,0,0
14757395258967641292,0,0,0,0,0,0,0,0,0
14757395258967641292,0,0,0,0,0,0,0,0,0
14757395258967641292,-1,-4,-9,9,-3,-4,-3,0,-15
14757395258967641292,-1,2,3,1,0,-2,1,-1,3
14757395258967641292,0,0,0,0,0,0,0,0,0
14757395258967641292,0,0,0,0,0,0,0,0,0
14757395258967641292,0,0,0,0,0,0,0,0,0
14757395258967641292,0,-3,-1,-3,-2,1,0,-1,-9
14757395258967641292,0,0,0,0,0,0,0,0,0
14757395258967641292,0,0,0,0,0,0,0,0,0
14757395258967641292,-2,-2,0,-3,-2,-1,0,0,-10
14757395258967641292,0,0,0,0,0,0,0,0,0
14757395258967641292,0,0,0,0,0,0,0,0,0
14757395258967641292,0,0,0,0,0,0,0,0,0
14757395258967641292,1,-2,-8,-3,-3,0,-3,-1,-19
14757395258967641292,1,0,-3,-2,-2,-2,-3,0,-11
14757395258967641292,0,0,0,0,0,0,0,0,0
14757395258967641292,0,0,0,0,0,0,0,0,0
14757395258967641292,0,0,0,0,0,0,0,0,0
14757395258967641292,-1,-3,-5,-6,-9,-2,-1,-3,-30
14757395258967641292,0,0,0,0,0,0,0,0,0
14757395258967641292,0,0,0,0,0,0,0,0,0
14757395258967641292,0,3,8,1,5,1,0,0,18
14757395258967641292,0,-1,5,-3,-1,-1,-1,-2,-4
14757395258967641292,0,0,0,0,0,0,0,0,0
14757395258967641292,0,0,0,0,0,0,0,0,0
14757395258967641292,-1,2,1,-6,-3,-3,0,-1,-11
14757395258967641292,1,0,-2,-1,1,1,-3,1,-2
14757395258967641292,0,0,0,0,0,0,0,0,0
14757395258967641292,0,0,0,0,0,0,0,0,0
14757395258967641292,0,0,0,0,0,0,0,0,0
14757395258967641292,-2,0,20,-1,-1,1,-3,-1,13
14757395258967641292,0,0,0,0,0,0,0,0,0
14757395258967641292,0,0,0,0,0,0,0,0,0
14757395258967641292,0,-1,-5,0,-1,0,0,0,-7
14757395258967641292,-2,1,-5,0,-1,-2,-2,0,-11
14757395258967641292,0,0,0,0,0,0,0,0,0
14757395258967641292,0,0,0,0,0,0,0,0,0
14757395258967641292,0,0,14,1,-1,-2,-2,-1,9
14757395258967641292,-4,-4,-46,-3,-4,-2,1,-2,-64
14757395258967641292,0,0,0,0,0,0,0,0,0
14757395258967641292,0,0,0,0,0,0,0,0,0
14757395258967641292,0,0,0,0,0,0,0,0,0
14757395258967641292,-2,0,-2,-1,4,-1,-2,-1,-5
14757395258967641292,0,0,0,0,0,0,0,0,0
14757395258967641292,0,0,0,0,0,0,0,0,0
14757395258967641292,-1,-2,0,-2,-3,-1,0,0,-9
14757395258967641292,2,1,12,2,-1,2,0,0,18
14757395258967641292,0,0,0,0,0,0,0,0,0
14757395258967641292,0,0,0,0,0,0,0,0,0
14757395258967641292,-1,-5,7,6,-4,-2,-2,-1,-2
14757395258967641292,0,0,0,0,0,0,0,0,0
14757395258967641292,0,0,0,0,0,0,0,0,0
14757395258967641292,0,0,0,0,0,0,0,0,0
14757395258967641292,0,0,0,0,0,0,0,0,0
14757395258967641292,1,1,10,0,3,2,3,1,21
14757395258967641292,0,0,0,0,0,0,0,0,0
14757395258967641292,0,0,0,0,0,0,0,0,0
14757395258967641292,0,0,0,0,0,0,0,0,0
14757395258967641292,-1,-2,-2,1,0,-2,0,-1,-7
14757395258967641292,0,0,0,0,0,0,0,0,0
14757395258967641292,0,0,0,0,0,0,0,0,0
14757395258967641292,0,0,-9,-3,-3,-2,-3,0,-20
14757395258967641292,0,0,0,0,0,0,0,0,0
14757395258967641292,0,0,0,0,0,0,0,0,0
14757395258967641292,0,0,0,0,0,0,0,0,0
14757395258967641292,0,0,0,0,0,0,0,0,0
14757395258967641292,-2,-1,21,-2,-2,0,-2,-1,11
14757395258967641292,0,0,0,0,0,0,0,0,0
14757395258967641292,0,0,0,0,0,0,0,0,0
14757395258967641292,-2,-2,9,-3,1,-2,2,0,3
14757395258967641292,-1,0,-7,-2,-2,0,-1,-1,-14
14757395258967641292,0,0,0,0,0,0,0,0,0
14757395258967641292,0,0,0,0,0,0,0,0,0
14757395258967641292,0,0,0,0,0,0,0,0,0
14757395258967641292,0,0,0,0,0,0,0,0,0
14757395258967641292,-2,-6,-19,-5,-2,-3,-1,-1,-39
14757395258967641292,0,0,0,0,0,0,0,0,0
14757395258967641292,0,0,0,0,0,0,0,0,0
14757395258967641292,1,1,9,3,3,3,-1,-2,17
14757395258967641292,0,0,0,0,0,0,0,0,0
14757395258967641292,0,0,0,0,0,0,0,0,0
14757395258967641292,-3,-1,-25,-6,-2,0,0,-1,-38
14757395258967641292,-1,0,8,4,-2,-1,0,0,8
14757395258967641292,0,0,0,0,0,0,0,0,0
14757395258967641292,0,0,0,0,0,0,0,0,0
14757395258967641292,2,0,5,-3,-2,-2,-1,-1,-2
14757395258967641292,1,0,-13,-7,-3,1,0,-1,-22
14757395258967641292,0,0,0,0,0,0,0,0,0
14757395258967641292,0,0,0,0,0,0,0,0,0
14757395258967641292,0,0,0,0,0,0,0,0,0
14757395258967641292,-3,-2,10,-2,1,0,1,1,6
14757395258967641292,0,0,0,0,0,0,0,0,0
14757395258967641292,0,0,0,0,0,0,0,0,0
14757395258967641292,0,-1,-12,5,-2,1,0,0,-9
14757395258967641292,-3,-3,32,-1,-2,-2,-3,-2,16
14757395258967641292,0,0,0,0,0,0,0,0,0
14757395258967641292,0,0,0,0,0,0,0,0,0
14757395258967641292,3,1,2,0,-3,-5,-1,-1,-4
14757395258967641292,-7,-5,-24,12,-2,-3,-3,-3,-35
14757395258967641292,0,0,0,0,0,0,0,0,0
14757395258967641292,0,0,0,0,0,0,0,0,0
14757395258967641292,0,0,0,0,0,0,0,0,0
14757395258967641292,6,3,-3,1,2,-1,38,-5,41
14757395258967641292,0,0,0,0,0,0,0,0,0
14757395258967641292,0,0,0,0,0,0,0,0,0
14757395258967641292,-2,-5,-2,-2,-1,-1,-1,-1,-15
14757395258967641292,25,2,-18,-7,1,4,15,11,33
14757395258967641292,0,0,0,0,0,0,0,0,0
14757395258967641292,0,0,0,0,0,0,0,0,0
14757395258967641292,-6,-4,12,5,-1,-5,-53,-18,-70
14757395258967641292,4,-4,-43,-8,-2,-4,-39,-5,-101
14757395258967641292,0,0,0,0,0,0,0,0,0
14757395258967641292,0,0,0,0,0,0,0,0,0
14757395258967641292,0,0,0,0,0,0,0,0,0
14757395258967641292,3,7,10,1,1,7,82,34,145
14757395258967641292,0,0,0,0,0,0,0,0,0
14757395258967641292,0,0,0,0,0,0,0,0,0
14757395258967641292,2,23,12,11,1,-3,5,20,71
14757395258967641292,-16,-1,-12,-11,2,-11,-124,-102,-275
14757395258967641292,0,0,0,0,0,0,0,0,0
14757395258967641292,0,0,0,0,0,0,0,0,0
14757395258967641292,5,-3,-10,-16,-4,-1,54,-27,-2
14757395258967641292,8,1,11,-3,6,23,127,71,244
14757395258967641292,0,0,0,0,0,0,0,0,0
14757395258967641292,0,0,0,0,0,0,0,0,0
14757395258967641292,0,0,0,0,0,0,0,0,0
14757395258967641292,-17,-10,-4,-15,-12,-29,11,-36,-112
14757395258967641292,0,0,0,0,0,0,0,0,0
14757395258967641292,0,0,0,0,0,0,0,0,0
14757395258967641292,0,0,0,0,0,0,0,0,0
14757395258967641292,14,2,13,4,14,28,-37,10,48
14757395258967641292,-13,12,85,14,4,-12,-128,-111,-149
14757395258967641292,0,0,0,0,0,0,0,0,0
14757395258967641292,8,-18,-22,-46,-4,34,127,127,206
14757395258967641292,-6,5,25,18,-12,-24,58,5,69
14757395258967641292,0,0,0,0,0,0,0,0,0
14757395258967641292,0,0,0,0,0,0,0,0,0
14757395258967641292,0,0,0,0,0,0,0,0,0
14757395258967641292,1,-12,-1,8,12,23,-44,-1,-14
14757395258967641292,0,0,0,0,0,0,0,0,0
14757395258967641292,0,-18,-57,-32,-13,-21,55,-7,-93
14757395258967641292,0,0,0,0,0,0,0,0,0
14757395258967641292,5,-1,-8,4,6,13,122,103,244
14757395258967641292,0,0,0,0,0,0,0,0,0
14757395258967641292,0,0,0,0,0,0,0,0,0
14757395258967641292,6,-8,-38,35,-1,-5,41,8,38
14757395258967641292,0,0,0,0,0,0,0,0,0
14757395258967641292,3,-10,-19,-17,-4,5,4,28,-10
14757395258967641292,0,0,0,0,0,0,0,0,0
14757395258967641292,0,0,0,0,0,0,0,0,0
14757395258967641292,3,5,0,17,6,23,101,98,253
14757395258967641292,0,0,0,0,0,0,0,0,0
14757395258967641292,5,1,-9,8,-6,4,89,22,114
14757395258967641292,0,0,0,0,0,0,0,0,0
14757395258967641292,-19,-7,4,-7,-12,-7,107,-18,41
14757395258967641292,0,0,0,0,0,0,0,0,0
14757395258967641292,0,0,0,0,0,0,0,0,0
14757395258967641292,-4,3,3,40,-1,-17,-91,-75,-142
14757395258967641292,0,0,0,0,0,0,0,0,0
14757395258967641292,0,0,0,0,0,0,0,0,0
14757395258967641292,0,0,0,0,0,0,0,0,0
14757395258967641292,0,0,0,0,0,0,0,0,0
14757395258967641292,6,1,-3,-33,13,31,72,82,169
14757395258967641292,0,0,0,0,0,0,0,0,0
14757395258967641292,0,0,0,0,0,0,0,0,0
14757395258967641292,0,0,0,0,0,0,0,0,0
14757395258967641292,36,13,-37,-7,9,42,122,109,287
14757395258967641292,0,0,0,0,0,0,0,0,0
14757395258967641292,0,0,0,0,0,0,0,0,0
14757395258967641292,6,-23,-26,-11,-12,-19,-25,-19,-129
14757395258967641292,0,0,0,0,0,0,0,0,0
14757395258967641292,0,0,0,0,0,0,0,0,0
14757395258967641292,0,0,0,0,0,0,0,0,0
14757395258967641292,0,0,0,0,0,0,0,0,0
14757395258967641292,-26,-13,44,-1,-3,14,51,-50,16
14757395258967641292,0,0,0,0,0,0,0,0,0
14757395258967641292,0,0,0,0,0,0,0,0,0
14757395258967641292,0,0,0,0,0,0,0,0,0
14757395258967641292,-45,31,27,-65,-31,-36,-84,-128,-331
14757395258967641292,0,0,0,0,0,0,0,0,0
14757395258967641292,0,0,0,0,0,0,0,0,0
14757395258967641292,2,-29,-61,9,-2,-24,-1,-39,-145
14757395258967641292,0,0,0,0,0,0,0,0,0
14757395258967641292,0,0,0,0,0,0,0,0,0
14757395258967641292,0,0,0,0,0,0,0,0,0
14757395258967641292,0,0,0,0,0,0,0,0,0
14757395258967641292,3,-32,-12,14,-6,-20,4,21,-28
14757395258967641292,0,0,0,0,0,0,0,0,0
14757395258967641292,0,0,0,0,0,0,0,0,0
14757395258967641292,0,0,0,0,0,0,0,0,0
14757395258967641292,23,67,1,29,3,-20,-71,-9,23
14757395258967641292,0,0,0,0,0,0,0,0,0
14757395258967641292,0,0,0,0,0,0,0,0,0
14757395258967641292,2,-9,19,3,-8,-30,-101,-79,-203
14757395258967641292,0,0,0,0,0,0,0,0,0
14757395258967641292,0,0,0,0,0,0,0,0,0
14757395258967641292,0,0,0,0,0,0,0,0,0
14757395258967641292,0,0,0,0,0,0,0,0,0
14757395258967641292,14,26,-1,6,15,17,-40,87,124
14757395258967641292,0,0,0,0,0,0,0,0,0
14757395258967641292,0,0,0,0,0,0,0,0,0
14757395258967641292,0,0,0,0,0,0,0,0,0
14757395258967641292,11,35,23,-2,7,30,127,92,323
14757395258967641292,0,0,0,0,0,0,0,0,0
14757395258967641292,0,0,0,0,0,0,0,0,0
14757395258967641292,-15,41,-84,19,-20,-25,4,-39,-119
14757395258967641292,9,9,-7,-7,3,11,43,5,66
14757395258967641292,0,0,0,0,0,0,0,0,0
14757395258967641292,0,0,0,0,0,0,0,0,0
14757395258967641292,0,0,0,0,0,0,0,0,0
14757395258967641292,-7,-1,18,2,-9,-26,47,9,33
14757395258967641292,0,0,0,0,0,0,0,0,0
14757395258967641292,0,0,0,0,0,0,0,0,0
14757395258967641292,0,0,0,0,0,0,0,0,0
14757395258967641292,-19,-128,-114,-29,-12,-10,89,-67,-290
14757395258967641292,0,0,0,0,0,0,0,0,0
14757395258967641292,0,0,0,0,0,0,0,0,0
14757395258967641292,-7,24,60,0,-3,-26,-81,-48,-81
14757395258967641292,-2,-2,18,45,2,5,123,77,266
14757395258967641292,0,0,0,0,0,0,0,0,0
14757395258967641292,0,0,0,0,0,0,0,0,0
14757395258967641292,0,0,0,0,0,0,0,0,0
14757395258967641292,1,-24,-4,7,-3,1,-40,16,-46
14757395258967641292,0,0,0,0,0,0,0,0,0
14757395258967641292,0,0,0,0,0,0,0,0,0
14757395258967641292,0,0,0,0,0,0,0,0,0
14757395258967641292,7,-7,4,15,3,11,10,30,73
14757395258967641292,1,16,13,-32,2,-2,-72,-39,-113
14757395258967641292,0,0,0,0,0,0,0,0,0
14757395258967641292,2,45,-25,-10,4,17,-29,-50,-46
14757395258967641292,0,0,0,0,0,0,0,0,0
14757395258967641292,-1,30,13,-19,-5,-25,-117,-64,-188
14757395258967641292,0,0,0,0,0,0,0,0,0
14757395258967641292,0,0,0,0,0,0,0,0,0
14757395258967641292,16,99,39,11,8,8,-36,-13,132
14757395258967641292,0,0,0,0,0,0,0,0,0
14757395258967641292,0,0,0,0,0,0,0,0,0
14757395258967641292,0,0,0,0,0,0,0,0,0
14757395258967641292,-18,-57,18,-34,-11,-7,-128,-40,-277
14757395258967641292,-4,-4,-32,11,-9,-36,-23,-6,-103
14757395258967641292,0,0,0,0,0,0,0,0,0
14757395258967641292,-11,-25,32,-24,-10,-1,32,-4,-11
14757395258967641292,0,0,0,0,0,0,0,0,0
14757395258967641292,-2,56,41,-8,4,14,-57,13,61
14757395258967641292,0,0,0,0,0,0,0,0,0
14757395258967641292,0,0,0,0,0,0,0,0,0
14757395258967641292,19,-19,-33,-14,8,48,127,110,246
14757395258967641292,0,0,0,0,0,0,0,0,0
14757395258967641292,0,0,0,0,0,0,0,0,0
14757395258967641292,0,0,0,0,0,0,0,0,0
14757395258967641292,-7,-22,-17,16,-10,-20,59,32,31
14757395258967641292,0,-63,-45,-1,8,18,127,31,75
14757395258967641292,0,0,0,0,0,0,0,0,0
14757395258967641292,0,-61,-27,-17,4,5,59,-37,-74
14757395258967641292,0,0,0,0,0,0,0,0,0
14757395258967641292,-11,-35,-10,0,10,8,25,-30,-43
14757395258967641292,0,0,0,0,0,0,0,0,0
14757395258967641292,0,0,0,0,0,0,0,0,0
14757395258967641292,-32,0,14,-26,-21,-20,-35,-95,-215
14757395258967641292,0,0,0,0,0,0,0,0,0
14757395258967641292,0,0,0,0,0,0,0,0,0
14757395258967641292,0,0,0,0,0,0,0,0,0
14757395258967641292,5,13,-29,9,-1,-7,25,33,48
14757395258967641292,-4,-16,-33,-27,-17,-40,-128,-42,-307
14757395258967641292,0,0,0,0,0,0,0,0,0
14757395258967641292,-12,-37,-1,-2,-5,2,-25,2,-78
14757395258967641292,5,64,19,-5,-1,10,101,54,247
14757395258967641292,0,0,0,0,0,0,0,0,0
14757395258967641292,0,0,0,0,0,0,0,0,0
14757395258967641292,0,0,0,0,0,0,0,0,0
14757395258967641292,-1,18,37,44,4,19,127,38,286
14757395258967641292,0,0,0,0,0,0,0,0,0
14757395258967641292,0,0,0,0,0,0,0,0,0
14757395258967641292,0,0,0,0,0,0,0,0,0
14757395258967641292,6,-45,-47,-11,3,19,42,1,-32
14757395258967641292,6,44,-13,7,-2,6,62,-5,105
14757395258967641292,0,0,0,0,0,0,0,0,0
14757395258967641292,20,73,2,15,-1,-4,-3,14,116
14757395258967641292,0,0,0,0,0,0,0,0,0
14757395258967641292,-11,2,-49,-16,-1,-11,-35,-30,-151
14757395258967641292,0,0,0,0,0,0,0,0,0
14757395258967641292,0,0,0,0,0,0,0,0,0
14757395258967641292,5,5,4,44,-4,-12,-20,-8,14
14757395258967641292,0,0,0,0,0,0,0,0,0
14757395258967641292,0,0,0,0,0,0,0,0,0
14757395258967641292,0,0,0,0,0,0,0,0,0
14757395258967641292,-4,-61,2,-5,6,6,1,40,-15
14757395258967641292,-6,-107,6,3,7,10,46,4,-37
14757395258967641292,0,0,0,0,0,0,0,0,0
14757395258967641292,0,0,0,0,0,0,0,0,0
14757395258967641292,0,0,0,0,0,0,0,0,0
14757395258967641292,-13,-4,92,-34,-3,-8,-3,39,66
14757395258967641292,0,0,0,0,0,0,0,0,0
14757395258967641292,0,0,0,0,0,0,0,0,0
14757395258967641292,-10,-85,-54,-9,-2,-1,-76,41,-196
14757395258967641292,0,0,0,0,0,0,0,0,0
14757395258967641292,0,0,0,0,0,0,0,0,0
14757395258967641292,0,0,0,0,0,0,0,0,0
14757395258967641292,-10,53,1,16,8,7,-41,-6,28
14757395258967641292,2,25,9,17,8,-7,-110,-100,-156
14757395258967641292,0,0,0,0,0,0,0,0,0
14757395258967641292,-2,-26,-4,-9,-9,-9,28,7,-24
14757395258967641292,0,0,0,0,0,0,0,0,0
14757395258967641292,0,0,0,0,0,0,0,0,0
14757395258967641292,-16,23,29,-6,-5,-3,-31,-30,-39
14757395258967641292,0,0,0,0,0,0,0,0,0
14757395258967641292,16,-4,-3,9,5,7,65,30,125
14757395258967641292,0,0,0,0,0,0,0,0,0
14757395258967641292,0,0,0,0,0,0,0,0,0
14757395258967641292,0,0,0,0,0,0,0,0,0
14757395258967641292,-4,0,9,-1,2,5,-23,12,0
14757395258967641292,14,11,-4,4,-2,3,22,10,58
14757395258967641292,0,0,0,0,0,0,0,0,0
14757395258967641292,-4,-6,5,13,-1,0,21,0,28
14757395258967641292,0,0,0,0,0,0,0,0,0
14757395258967641292,-4,8,-2,-1,-3,5,47,8,58
14757395258967641292,0,0,0,0,0,0,0,0,0
14757395258967641292,0,0,0,0,0,0,0,0,0
14757395258967641292,-1,-12,-12,-10,-4,-4,-22,-7,-72
14757395258967641292,0,0,0,0,0,0,0,0,0
14757395258967641292,0,0,0,0,0,0,0,0,0
14757395258967641292,0,0,0,0,0,0,0,0,0
14757395258967641292,9,-7,3,1,7,1,-14,6,6
14757395258967641292,4,7,-6,-4,1,-5,10,8,15
14757395258967641292,0,0,0,0,0,0,0,0,0
14757395258967641292,-8,-3,29,-4,-2,-3,-3,-2,4
14757395258967641292,0,0,0,0,0,0,0,0,0
14757395258967641292,-7,-6,0,-2,-2,1,2,-1,-15
14757395258967641292,0,0,0,0,0,0,0,0,0
14757395258967641292,0,0,0,0,0,0,0,0,0
14757395258967641292,0,0,6,14,4,1,-2,-1,22
14757395258967641292,0,0,0,0,0,0,0,0,0
14757395258967641292,0,0,0,0,0,0,0,0,0
14757395258967641292,0,0,0,0,0,0,0,0,0
14757395258967641292,-2,-7,-15,3,-4,0,3,-2,-24
14757395258967641292,0,0,0,0,0,0,0,0,0
14757395258967641292,0,0,0,0,0,0,0,0,0
14757395258967641292,-1,-12,-33,-4,2,0,-1,-1,-50
14757395258967641292,0,0,0,0,0,0,0,0,0
14757395258967641292,1,-1,-25,-4,2,1,3,0,-23
14757395258967641292,0,0,0,0,0,0,0,0,0
14757395258967641292,0,0,0,0,0,0,0,0,0
14757395258967641292,-1,-1,-3,-1,-2,-2,1,1,-8
14757395258967641292,0,0,0,0,0,0,0,0,0
14757395258967641292,0,0,0,0,0,0,0,0,0
14757395258967641292,0,0,0,0,0,0,0,0,0
14757395258967641292,2,2,-11,3,3,3,0,2,4
14757395258967641292,-4,-6,14,-5,-2,0,1,0,-2
14757395258967641292,0,0,0,0,0,0,0,0,0
14757395258967641292,-2,4,8,-4,-5,-2,-4,-1,-6
14757395258967641292,0,0,0,0,0,0,0,0,0
14757395258967641292,1,6,-16,1,-1,1,-1,0,-9
14757395258967641292,0,0,0,0,0,0,0,0,0
14757395258967641292,0,0,0,0,0,0,0,0,0
14757395258967641292,-3,-14,-2,-10,-6,-5,0,-2,-42
14757395258967641292,0,0,0,0,0,0,0,0,0
14757395258967641292,0,0,0,0,0,0,0,0,0
14757395258967641292,0,0,0,0,0,0,0,0,0
14757395258967641292,0,0,0,0,0,0,0,0,0
14757395258967641292,0,0,0,0,0,0,0,0,0
14757395258967641292,-2,-4,0,-5,-4,-4,-4,-19,-42
14757395258967641292,0,0,0,0,0,0,0,0,0
14757395258967641292,0,0,0,0,0,0,0,0,0
14757395258967641292,2,0,-9,4,-2,0,-4,3,-6
14757395258967641292,0,0,0,0,0,0,0,0,0
14757395258967641292,0,0,0,0,0,0,0,0,0
14757395258967641292,-4,4,27,-2,-4,-5,0,3,19
14757395258967641292,0,0,0,0,0,0,0,0,0
14757395258967641292,0,0,0,0,0,0,0,0,0
14757395258967641292,0,0,0,0,0,0,0,0,0
14757395258967641292,-1,-2,-17,-3,-2,0,-1,-3,-29
14757395258967641292,0,0,0,0,0,0,0,0,0
14757395258967641292,0,0,0,0,0,0,0,0,0
14757395258967641292,0,0,0,0,0,0,0,0,0
14757395258967641292,0,0,0,0,0,0,0,0,0
14757395258967641292,3,9,-2,15,5,4,1,2,37
14757395258967641292,0,0,0,0,0,0,0,0,0
14757395258967641292,0,0,0,0,0,0,0,0,0
14757395258967641292,3,1,1,2,2,1,-1,2,11
14757395258967641292,0,0,0,0,0,0,0,0,0
14757395258967641292,0,0,0,0,0,0,0,0,0
14757395258967641292,0,0,0,0,0,0,0,0,0
14757395258967641292,1,-3,23,-4,-1,1,3,2,22
14757395258967641292,0,0,0,0,0,0,0,0,0
14757395258967641292,0,0,0,0,0,0,0,0,0
14757395258967641292,0,0,0,0,0,0,0,0,0
14757395258967641292,0,0,0,0,0,0,0,0,0
14757395258967641292,1,-18,-18,-2,2,1,2,1,-31
14757395258967641292,0,0,0,0,0,0,0,0,0
14757395258967641292,0,0,0,0,0,0,0,0,0
14757395258967641292,-8,0,14,-9,-3,-3,-3,-7,-19
14757395258967641292,-2,3,9,-3,-2,-2,-3,-1,-1
14757395258967641292,0,0,0,0,0,0,0,0,0
14757395258967641292,0,0,0,0,0,0,0,0,0
14757395258967641292,0,-4,-27,4,2,1,1,2,-21
14757395258967641292,-3,-1,-4,-4,2,-1,0,-2,-13
14757395258967641292,0,0,0,0,0,0,0,0,0
14757395258967641292,0,0,0,0,0,0,0,0,0
14757395258967641292,0,0,0,0,0,0,0,0,0
14757395258967641292,-2,1,-5,0,1,2,2,1,0
14757395258967641292,0,0,0,0,0,0,0,0,0
14757395258967641292,0,0,0,0,0,0,0,0,0
14757395258967641292,-1,-2,7,3,1,-1,-2,0,5
14757395258967641292,-3,0,23,-4,-5,-3,0,-1,7
14757395258967641292,0,0,0,0,0,0,0,0,0
14757395258967641292,0,0,0,0,0,0,0,0,0
14757395258967641292,0,-2,-6,0,0,-2,1,0,-9
14757395258967641292,-1,2,1,1,-1,-2,-2,-1,-3
14757395258967641292,0,0,0,0,0,0,0,0,0
14757395258967641292,0,0,0,0,0,0,0,0,0
14757395258967641292,0,0,0,0,0,0,0,0,0
14757395258967641292,-3,0,-19,0,-2,1,-2,-4,-29
14757395258967641292,0,0,0,0,0,0,0,0,0
14757395258967641292,0,0,0,0,0,0,0,0,0
14757395258967641292,-1,-5,-2,-3,1,-1,1,1,-9
14757395258967641292,-2,-1,-4,-4,-3,0,4,0,-10
14757395258967641292,0,0,0,0,0,0,0,0,0
14757395258967641292,0,0,0,0,0,0,0,0,0
14757395258967641292,-1,0,4,2,-1,0,-3,-3,-2
14757395258967641292,-1,-2,-9,0,0,1,1,0,-10
14757395258967641292,0,0,0,0,0,0,0,0,0
14757395258967641292,0,0,0,0,0,0,0,0,0
14757395258967641292,0,0,0,0,0,0,0,0,0
14757395258967641292,0,1,4,1,3,1,-2,-1,7
14757395258967641292,0,0,0,0,0,0,0,0,0
14757395258967641292,0,0,0,0,0,0,0,0,0
14757395258967641292,-1,2,3,0,-1,0,-2,-1,0
14757395258967641292,-1,2,-3,-1,-2,-2,-4,1,-10
14757395258967641292,0,0,0,0,0,0,0,0,0
14757395258967641292,0,0,0,0,0,0,0,0,0
14757395258967641292,-1,-3,-9,-2,-2,2,2,1,-12
14757395258967641292,-2,-3,-4,-2,-2,-4,-2,-3,-22
14757395258967641292,0,0,0,0,0,0,0,0,0
14757395258967641292,0,0,0,0,0,0,0,0,0
14757395258967641292,0,0,0,0,0,0,0,0,0
14757395258967641292,0,0,0,0,0,0,0,0,0
14757395258967641292,1,-3,-4,0,2,-2,-1,-1,-8
14757395258967641292,-1,-1,5,-2,-2,-3,-1,-1,-6
14757395258967641292,-2,-1,6,-1,1,-1,-1,-1,0
14757395258967641292,-1,1,35,-3,-3,-3,-5,-2,19
14757395258967641292,0,0,0,0,0,0,0,0,0
14757395258967641292,0,0,0,0,0,0,0,0,0
14757395258967641292,-2,-3,-11,-1,-2,-6,1,0,-24
14757395258967641292,-5,3,4,-1,0,-1,-3,-4,-7
14757395258967641292,0,0,0,0,0,0,0,0,0
14757395258967641292,0,0,0,0,0,0,0,0,0
14757395258967641292,0,0,0,0,0,0,0,0,0
14757395258967641292,0,-2,-9,0,1,-1,-2,0,-13
14757395258967641292,0,0,0,0,0,0,0,0,0
14757395258967641292,0,0,0,0,0,0,0,0,0
14757395258967641292,-2,0,2,2,0,3,-1,1,5
14757395258967641292,0,0,-16,-1,-1,2,0,-2,-18
14757395258967641292,0,0,0,0,0,0,0,0,0
14757395258967641292,0,0,0,0,0,0,0,0,0
14757395258967641292,-1,-5,-33,-8,-4,-2,0,0,-53
14757395258967641292,1,1,3,0,2,1,1,2,11
14757395258967641292,0,0,0,0,0,0,0,0,0
14757395258967641292,0,0,0,0,0,0,0,0,0
14757395258967641292,0,0,0,0,0,0,0,0,0
14757395258967641292,-1,-4,-19,-2,-2,-2,1,0,-29
14757395258967641292,0,0,0,0,0,0,0,0,0
14757395258967641292,0,-2,2,-1,-1,0,-2,-2,-6
14757395258967641292,0,0,0,0,0,0,0,0,0
14757395258967641292,-1,-3,13,-2,-3,0,0,0,4
14757395258967641292,0,0,0,0,0,0,0,0,0
14757395258967641292,0,0,0,0,0,0,0,0,0
14757395258967641292,0,4,42,2,0,-1,0,3,50
14757395258967641292,2,1,-4,1,-1,-2,-3,0,-6
14757395258967641292,0,0,0,0,0,0,0,0,0
14757395258967641292,0,0,0,0,0,0,0,0,0
14757395258967641292,0,0,0,0,0,0,0,0,0
14757395258967641292,-2,-4,-8,0,2,0,-1,-2,-15
14757395258967641292,0,0,0,0,0,0,0,0,0
14757395258967641292,-1,-3,-9,2,0,-3,-1,-2,-17
14757395258967641292,0,0,0,0,0,0,0,0,0
14757395258967641292,0,-2,-6,-2,-1,-3,-1,-1,-16
14757395258967641292,0,0,0,0,0,0,0,0,0
14757395258967641292,0,0,0,0,0,0,0,0,0
14757395258967641292,-1,-2,16,1,-2,-2,0,1,11
14757395258967641292,0,0,0,0,0,0,0,0,0
14757395258967641292,0,0,0,0,0,0,0,0,0
14757395258967641292,0,0,0,0,0,0,0,0,0
14757395258967641292,0,0,0,0,0,0,0,0,0
14757395258967641292,0,0,-8,-5,-4,-1,-1,0,-19
14757395258967641292,0,0,0,0,0,0,0,0,0
14757395258967641292,0,0,0,0,0,0,0,0,0
14757395258967641292,0,0,0,0,0,0,0,0,0
14757395258967641292,-2,0,-2,0,3,1,1,-1,0
14757395258967641292,0,0,0,0,0,0,0,0,0
14757395258967641292,0,0,0,0,0,0,0,0,0
14757395258967641292,1,-1,-18,-2,0,-2,-2,-2,-26
14757395258967641292,0,0,0,0,0,0,0,0,0
14757395258967641292,0,0,0,0,0,0,0,0,0
14757395258967641292,0,0,0,0,0,0,0,0,0
14757395258967641292,0,0,0,0,0,0,0,0,0
14757395258967641292,-3,0,1,-3,-4,-2,0,-3,-14
14757395258967641292,0,0,0,0,0,0,0,0,0
14757395258967641292,-4,-1,2,-4,-2,-1,-4,-3,-17
14757395258967641292,0,0,0,0,0,0,0,0,0
14757395258967641292,2,0,-4,1,1,0,-2,0,-2
14757395258967641292,0,0,0,0,0,0,0,0,0
14757395258967641292,0,0,0,0,0,0,0,0,0
14757395258967641292,-2,-1,3,0,1,0,1,-1,1
14757395258967641292,0,0,0,0,0,0,0,0,0
14757395258967641292,0,0,0,0,0,0,0,0,0
14757395258967641292,0,0,0,0,0,0,0,0,0
14757395258967641292,0,0,0,0,0,0,0,0,0
14757395258967641292,-1,-1,-1,0,-1,-1,-1,-1,-7
14757395258967641292,0,0,0,0,0,0,0,0,0
14757395258967641292,0,0,0,0,0,0,0,0,0
14757395258967641292,2,-3,-8,-2,-3,-1,-1,0,-16
14757395258967641292,0,0,2,0,-1,-4,-2,-1,-6
14757395258967641292,0,0,0,0,0,0,0,0,0
14757395258967641292,0,0,0,0,0,0,0,0,0
14757395258967641292,-1,0,-4,-2,-3,-4,-3,1,-16
14757395258967641292,-1,-3,-3,-2,-2,-1,-1,0,-13
14757395258967641292,0,0,0,0,0,0,0,0,0
14757395258967641292,0,0,0,0,0,0,0,0,0
14757395258967641292,0,0,0,0,0,0,0,0,0
14757395258967641292,-1,1,7,-1,-3,0,-2,-2,-1
14757395258967641292,0,0,0,0,0,0,0,0,0
14757395258967641292,0,0,0,0,0,0,0,0,0
14757395258967641292,-3,0,-2,0,-2,-2,1,-3,-11
14757395258967641292,-2,-1,-1,0,2,2,1,-1,0
14757395258967641292,0,0,0,0,0,0,0,0,0
14757395258967641292,0,0,0,0,0,0,0,0,0
14757395258967641292,1,-1,-6,1,1,0,-1,-2,-7
14757395258967641292,-1,-2,0,0,-1,-4,0,0,-8
14757395258967641292,0,0,0,0,0,0,0,0,0
14757395258967641292,0,0,0,0,0,0,0,0,0
14757395258967641292,0,0,0,0,0,0,0,0,0
14757395258967641292,-1,-2,-3,-2,-2,-2,0,-1,-13
14757395258967641292,0,0,0,0,0,0,0,0,0
14757395258967641292,0,0,0,0,0,0,0,0,0
14757395258967641292,0,0,-4,-3,0,2,1,-1,-5
14757395258967641292,-2,0,-6,-4,-2,-1,-1,-1,-17
14757395258967641292,0,0,0,0,0,0,0,0,0
14757395258967641292,0,0,0,0,0,0,0,0,0
14757395258967641292,-2,1,-1,2,5,1,0,-2,4
14757395258967641292,-2,0,-4,-3,-2,-1,-1,-3,-16
14757395258967641292,0,0,0,0,0,0,0,0,0
14757395258967641292,0,0,0,0,0,0,0,0,0
14757395258967641292,0,0,0,0,0,0,0,0,0
14757395258967641292,-1,1,7,1,2,6,2,0,18
14757395258967641292,0,0,0,0,0,0,0,0,0
14757395258967641292,-1,-2,-4,-2,-1,-1,1,1,-9
14757395258967641292,0,0,0,0,0,0,0,0,0
14757395258967641292,0,-2,-4,-3,-6,-4,-2,0,-21
14757395258967641292,0,0,0,0,0,0,0,0,0
14757395258967641292,0,0,0,0,0,0,0,0,0
14757395258967641292,1,-1,7,0,1,-1,-2,-1,4
14757395258967641292,0,0,-9,0,0,-4,0,-2,-15
14757395258967641292,0,0,0,0,0,0,0,0,0
14757395258967641292,0,0,0,0,0,0,0,0,0
14757395258967641292,0,0,0,0,0,0,0,0,0
14757395258967641292,0,-1,-8,-3,-1,1,-1,-1,-14
14757395258967641292,0,0,0,0,0,0,0,0,0
14757395258967641292,0,0,0,0,0,0,0,0,0
14757395258967641292,0,0,0,0,0,0,0,0,0
14757395258967641292,-2,-1,1,-2,0,-1,1,1,-3
14757395258967641292,-2,-2,3,3,1,0,1,-2,2
14757395258967641292,0,0,0,0,0,0,0,0,0
14757395258967641292,-1,0,-3,-1,1,1,2,2,1
14757395258967641292,-1,-1,0,-2,-2,-4,-5,-1,-16
14757395258967641292,0,0,0,0,0,0,0,0,0
14757395258967641292,0,0,0,0,0,0,0,0,0
14757395258967641292,0,0,0,0,0,0,0,0,0
14757395258967641292,1,-1,-1,-1,-2,0,0,0,-4
14757395258967641292,0,0,0,0,0,0,0,0,0
14757395258967641292,0,0,0,0,0,0,0,0,0
14757395258967641292,0,0,0,0,0,0,0,0,0
14757395258967641292,-2,-1,-5,-1,-3,-2,-2,0,-16
14757395258967641292,-2,-1,5,0,-2,1,-2,-2,-3
14757395258967641292,0,0,0,0,0,0,0,0,0
14757395258967641292,0,-1,3,0,-4,-2,-1,-2,-7
14757395258967641292,-2,-1,4,1,-1,-2,-1,-1,-3
14757395258967641292,0,0,0,0,0,0,0,0,0
14757395258967641292,0,0,0,0,0,0,0,0,0
14757395258967641292,0,0,0,0,0,0,0,0,0
14757395258967641292,0,-1,-1,-2,5,3,-1,-2,1
14757395258967641292,0,0,0,0,0,0,0,0,0
14757395258967641292,0,0,0,0,0,0,0,0,0
14757395258967641292,0,0,0,0,0,0,0,0,0
14757395258967641292,-2,1,4,-2,-2,0,0,0,-1
14757395258967641292,-2,-1,-2,-4,-3,-2,-3,-1,-18
14757395258967641292,0,0,0,0,0,0,0,0,0
14757395258967641292,1,0,-9,-1,0,-1,-2,-1,-13
14757395258967641292,-2,0,-5,0,-1,-1,-2,-2,-13
14757395258967641292,0,0,0,0,0,0,0,0,0
14757395258967641292,0,0,0,0,0,0,0,0,0
14757395258967641292,0,0,0,0,0,0,0,0,0
14757395258967641292,-2,-4,-8,1,-1,-4,-1,-1,-20
14757395258967641292,0,0,0,0,0,0,0,0,0
14757395258967641292,0,0,0,0,0,0,0,0,0
14757395258967641292,0,0,0,0,0,0,0,0,0
14757395258967641292,0,-1,1,-1,1,0,-1,-1,-2
14757395258967641292,0,0,0,0,0,0,0,0,0
14757395258967641292,0,0,0,0,0,0,0,0,0
14757395258967641292,-2,1,-6,2,0,-2,0,-2,-9
14757395258967641292,-1,1,26,0,-2,-2,-1,0,21
14757395258967641292,0,0,0,0,0,0,0,0,0
14757395258967641292,0,0,0,0,0,0,0,0,0
14757395258967641292,0,0,0,0,0,0,0,0,0
14757395258967641292,0,-1,-8,-1,0,-2,-2,-2,-16
14757395258967641292,0,0,0,0,0,0,0,0,0
14757395258967641292,0,0,0,0,0,0,0,0,0
14757395258967641292,0,0,0,0,0,0,0,0,0
14757395258967641292,-1,-1,-5,0,-1,0,1,2,-5
14757395258967641292,0,0,0,0,0,0,0,0,0
14757395258967641292,0,0,0,0,0,0,0,0,0
14757395258967641292,-2,-1,-5,-1,0,-1,0,1,-9
14757395258967641292,-1,-1,-6,-3,0,0,-2,-2,-15
14757395258967641292,0,0,0,0,0,0,0,0,0
14757395258967641292,0,0,0,0,0,0,0,0,0
14757395258967641292,0,0,0,0,0,0,0,0,0
14757395258967641292,1,-2,-1,-2,-2,-2,-2,-1,-11
14757395258967641292,0,0,0,0,0,0,0,0,0
14757395258967641292,0,0,0,0,0,0,0,0,0
14757395258967641292,0,0,0,0,0,0,0,0,0
14757395258967641292,1,-1,-11,-2,-1,-2,1,0,-15
14757395258967641292,-2,-2,-1,3,-4,-3,0,-1,-10
14757395258967641292,0,0,0,0,0,0,0,0,0
14757395258967641292,-1,0,1,-2,-2,1,-1,0,-4
14757395258967641292,0,-2,-4,-2,-3,-4,-3,-2,-20
14757395258967641292,0,0,0,0,0,0,0,0,0
14757395258967641292,0,0,0,0,0,0,0,0,0
14757395258967641292,0,0,0,0,0,0,0,0,0
14757395258967641292,-1,-1,3,-2,-2,-3,-1,1,-6
14757395258967641292,0,0,0,0,0,0,0,0,0
14757395258967641292,0,0,0,0,0,0,0,0,0
14757395258967641292,0,0,0,0,0,0,0,0,0
14757395258967641292,-2,0,1,2,-1,-1,-3,-1,-5
14757395258967641292,-1,-1,-4,-1,2,0,0,-1,-6
14757395258967641292,0,0,0,0,0,0,0,0,0
14757395258967641292,-3,-3,-8,-3,-3,-4,-1,-1,-26
14757395258967641292,-2,0,6,-3,0,0,1,-2,0
14757395258967641292,0,0,0,0,0,0,0,0,0
14757395258967641292,0,0,0,0,0,0,0,0,0
14757395258967641292,0,0,0,0,0,0,0,0,0
14757395258967641292,0,-1,2,0,0,2,0,0,3
14757395258967641292,0,0,0,0,0,0,0,0,0
14757395258967641292,0,0,0,0,0,0,0,0,0
14757395258967641292,0,0,0,0,0,0,0,0,0
14757395258967641292,-1,0,-5,-1,-1,-2,-4,-3,-17
14757395258967641292,0,-1,-1,-1,0,0,-3,-1,-7
14757395258967641292,0,0,0,0,0,0,0,0,0
14757395258967641292,0,-2,-5,-1,1,1,1,-1,-6
14757395258967641292,-1,-2,-1,-3,-2,2,-1,0,-8
14757395258967641292,0,0,0,0,0,0,0,0,0
14757395258967641292,0,0,0,0,0,0,0,0,0
14757395258967641292,0,0,0,0,0,0,0,0,0
14757395258967641292,0,0,0,0,0,0,0,0,0
14757395258967641292,-1,-2,15,-2,0,-2,0,0,8
14757395258967641292,-2,1,-4,-1,-2,-1,-1,-3,-13
14757395258967641292,0,0,0,0,0,0,0,0,0
14757395258967641292,-3,-2,1,-1,0,0,-1,-2,-8
14757395258967641292,0,2,-7,-2,-1,-3,-2,0,-13
14757395258967641292,0,0,0,0,0,0,0,0,0
14757395258967641292,0,-1,-5,-1,0,-1,-2,0,-10
14757395258967641292,0,0,0,0,0,0,0,0,0
14757395258967641292,-1,-3,-6,-1,0,1,-1,0,-11
14757395258967641292,0,0,0,0,0,0,0,0,0
14757395258967641292,0,0,0,0,0,0,0,0,0
14757395258967641292,0,0,1,1,-2,-1,0,0,-1
14757395258967641292,0,0,0,0,0,0,0,0,0
14757395258967641292,0,0,0,0,0,0,0,0,0
14757395258967641292,0,0,0,0,0,0,0,0,0
14757395258967641292,0,-1,-1,-1,-1,-1,-2,-2,-9
14757395258967641292,0,-4,-12,0,0,-2,0,0,-18
14757395258967641292,0,0,0,0,0,0,0,0,0
14757395258967641292,0,0,-8,-1,0,0,-2,0,-11
14757395258967641292,0,0,0,0,0,0,0,0,0
14757395258967641292,-1,-1,15,1,-1,-1,0,-3,9
14757395258967641292,0,0,0,0,0,0,0,0,0
14757395258967641292,0,0,0,0,0,0,0,0,0
14757395258967641292,-2,-3,-2,-3,-2,0,5,1,-6
14757395258967641292,0,0,0,0,0,0,0,0,0
14757395258967641292,0,0,0,0,0,0,0,0,0
14757395258967641292,0,0,0,0,0,0,0,0,0
14757395258967641292,-2,-1,1,-2,-1,-1,-2,-1,-9
14757395258967641292,0,0,0,0,0,0,0,0,0
14757395258967641292,0,0,0,0,0,0,0,0,0
14757395258967641292,0,0,0,0,0,0,0,0,0
14757395258967641292,0,0,0,0,0,0,0,0,0
14757395258967641292,-2,-2,-8,-2,-3,0,0,0,-17
14757395258967641292,0,-1,-3,-3,-1,0,-2,-2,-12
14757395258967641292,0,0,0,0,0,0,0,0,0
14757395258967641292,1,1,-3,2,2,1,2,0,6
14757395258967641292,0,0,0,0,0,0,0,0,0
14757395258967641292,0,0,0,0,0,0,0,0,0
14757395258967641292,0,0,0,0,0,0,0,0,0
14757395258967641292,-3,-4,-8,-1,-1,1,1,-1,-16
14757395258967641292,0,0,0,0,0,0,0,0,0
14757395258967641292,0,-3,-9,-1,-3,-4,-3,0,-23
14757395258967641292,0,0,-5,1,0,-2,1,-1,-6
14757395258967641292,0,0,0,0,0,0,0,0,0
14757395258967641292,0,-1,4,1,3,-1,-3,-1,2
14757395258967641292,0,0,0,0,0,0,0,0,0
14757395258967641292,0,0,0,0,0,0,0,0,0
14757395258967641292,-2,-1,1,0,-2,-2,-1,-2,-9
14757395258967641292,0,0,0,0,0,0,0,0,0
14757395258967641292,0,0,0,0,0,0,0,0,0
14757395258967641292,0,0,0,0,0,0,0,0,0
14757395258967641292,0,1,8,0,-1,-2,-4,-3,-1
14757395258967641292,-1,0,-7,-3,-1,-2,0,-1,-15
14757395258967641292,0,0,0,0,0,0,0,0,0
14757395258967641292,-2,-1,0,0,0,-2,-2,-2,-9
14757395258967641292,0,0,0,0,0,0,0,0,0
14757395258967641292,-2,-2,2,-1,-4,-2,-4,-3,-16
14757395258967641292,0,0,0,0,0,0,0,0,0
14757395258967641292,0,0,0,0,0,0,0,0,0
14757395258967641292,-1,-2,1,0,0,-1,0,0,-3
14757395258967641292,0,0,0,0,0,0,0,0,0
14757395258967641292,0,0,0,0,0,0,0,0,0
14757395258967641292,0,0,0,0,0,0,0,0,0
14757395258967641292,-1,-2,-4,3,0,-1,-1,0,-6
14757395258967641292,1,0,-8,-1,1,0,-2,-1,-10
14757395258967641292,0,0,0,0,0,0,0,0,0
14757395258967641292,-1,0,3,-3,0,0,2,0,1
14757395258967641292,0,0,0,0,0,0,0,0,0
14757395258967641292,0,1,-7,-2,-5,-2,-2,-1,-18
14757395258967641292,0,0,0,0,0,0,0,0,0
14757395258967641292,0,0,0,0,0,0,0,0,0
14757395258967641292,-1,-2,0,-1,0,0,0,0,-4
14757395258967641292,0,0,0,0,0,0,0,0,0
14757395258967641292,0,0,0,0,0,0,0,0,0
14757395258967641292,0,0,0,0,0,0,0,0,0
14757395258967641292,-1,0,0,0,-1,1,2,-1,0
14757395258967641292,-2,0,2,0,-4,-2,-1,-1,-8
14757395258967641292,0,0,0,0,0,0,0,0,0
14757395258967641292,0,0,0,0,0,0,0,0,0
14757395258967641292,0,0,0,0,0,0,0,0,0
14757395258967641292,-3,-2,1,-2,0,0,0,0,-6
14757395258967641292,0,0,0,0,0,0,0,0,0
14757395258967641292,0,0,0,0,0,0,0,0,0
14757395258967641292,-1,0,-1,-2,-2,-3,-2,-1,-12
14757395258967641292,0,0,0,0,0,0,0,0,0
14757395258967641292,0,0,0,0,0,0,0,0,0
14757395258967641292,0,0,0,0,0,0,0,0,0
14757395258967641292,-1,-1,-1,-2,0,-2,-3,-2,-12
14757395258967641292,-2,-1,5,-1,-4,-1,0,0,-4
14757395258967641292,0,0,0,0,0,0,0,0,0
14757395258967641292,0,0,0,0,0,0,0,0,0
14757395258967641292,0,0,0,0,0,0,0,0,0
14757395258967641292,0,2,-5,-1,5,2,-1,-1,1
14757395258967641292,0,0,0,0,0,0,0,0,0
14757395258967641292,0,0,0,0,0,0,0,0,0
14757395258967641292,-2,1,6,2,2,0,1,-2,8
14757395258967641292,0,0,0,0,0,0,0,0,0
14757395258967641292,0,0,0,0,0,0,0,0,0
14757395258967641292,0,0,0,0,0,0,0,0,0
14757395258967641292,-1,-1,0,-1,-2,-2,-2,-2,-11
14757395258967641292,0,-3,1,-2,1,-1,-1,-1,-6
14757395258967641292,0,0,0,0,0,0,0,0,0
14757395258967641292,0,0,0,0,0,0,0,0,0
14757395258967641292,0,0,0,0,0,0,0,0,0
14757395258967641292,-1,0,10,-2,-5,-4,-2,-2,-6
14757395258967641292,0,0,0,0,0,0,0,0,0
14757395258967641292,0,0,0,0,0,0,0,0,0
14757395258967641292,0,-4,4,-1,-2,-2,-1,-1,-7
14757395258967641292,0,0,0,0,0,0,0,0,0
14757395258967641292,0,0,0,0,0,0,0,0,0
14757395258967641292,0,0,0,0,0,0,0,0,0
14757395258967641292,-2,-1,-5,-1,-1,-1,-2,-2,-15
14757395258967641292,0,0,0,0,0,0,0,0,0
14757395258967641292,0,0,0,0,0,0,0,0,0
14757395258967641292,0,0,0,0,0,0,0,0,0
14757395258967641292,0,0,0,0,0,0,0,0,0
14757395258967641292,2,-2,-8,0,2,2,-1,-1,-6
14757395258967641292,0,0,0,0,0,0,0,0,0
14757395258967641292,0,0,0,0,0,0,0,0,0
14757395258967641292,-2,-3,-9,-4,-2,-4,-3,-1,-28
14757395258967641292,0,0,-7,-1,-2,-1,-2,-1,-14
14757395258967641292,0,0,0,0,0,0,0,0,0
14757395258967641292,0,0,0,0,0,0,0,0,0
14757395258967641292,-1,-1,-9,-1,-1,0,1,-1,-13
14757395258967641292,0,0,0,0,0,0,0,0,0
14757395258967641292,0,0,0,0,0,0,0,0,0
14757395258967641292,0,0,0,0,0,0,0,0,0
14757395258967641292,0,0,0,0,0,0,0,0,0
14757395258967641292,-2,-2,-1,0,0,0,-2,-1,-8
14757395258967641292,0,0,0,0,0,0,0,0,0
14757395258967641292,0,0,0,0,0,0,0,0,0
14757395258967641292,0,-1,2,1,-1,-2,1,-1,-1
14757395258967641292,-1,0,-5,-3,-3,-3,-2,-3,-20
14757395258967641292,0,0,0,0,0,0,0,0,0
14757395258967641292,0,0,0,0,0,0,0,0,0
14757395258967641292,-1,-1,9,0,-2,1,-3,0,3
14757395258967641292,0,0,0,0,0,0,0,0,0
14757395258967641292,0,0,0,0,0,0,0,0,0
14757395258967641292,0,0,0,0,0,0,0,0,0
14757395258967641292,0,0,0,0,0,0,0,0,0
14757395258967641292,-1,-4,0,-3,-3,-3,0,-2,-16
14757395258967641292,0,0,0,0,0,0,0,0,0
14757395258967641292,0,0,0,0,0,0,0,0,0
14757395258967641292,0,0,0,0,0,0,0,0,0
14757395258967641292,-1,-3,-7,-3,-1,1,-1,0,-15
14757395258967641292,0,0,0,0,0,0,0,0,0
14757395258967641292,0,0,0,0,0,0,0,0,0
14757395258967641292,-1,0,1,1,2,0,-1,-1,1
14757395258967641292,0,1,-1,-2,-1,-1,-1,-1,-6
14757395258967641292,0,0,0,0,0,0,0,0,0
14757395258967641292,0,0,0,0,0,0,0,0,0
14757395258967641292,0,0,0,0,0,0,0,0,0
14757395258967641292,0,-2,-4,-3,-2,-2,0,0,-13
14757395258967641292,0,0,0,0,0,0,0,0,0
14757395258967641292,0,0,0,0,0,0,0,0,0
14757395258967641292,-1,-3,2,0,3,2,0,-1,2
14757395258967641292,0,1,-1,0,-1,-1,2,1,1
14757395258967641292,0,0,0,0,0,0,0,0,0
14757395258967641292,0,0,0,0,0,0,0,0,0
14757395258967641292,0,1,-1,-2,-1,-3,-1,-1,-8
14757395258967641292,-3,-1,0,-3,-3,0,-1,-2,-13
14757395258967641292,0,0,0,0,0,0,0,0,0
14757395258967641292,0,0,0,0,0,0,0,0,0
14757395258967641292,0,0,0,0,0,0,0,0,0
14757395258967641292,0,0,7,-1,-1,-3,-1,0,1
14757395258967641292,0,0,0,0,0,0,0,0,0
14757395258967641292,0,0,0,0,0,0,0,0,0
14757395258967641292,-1,-2,0,-2,-3,-1,-2,-1,-12
14757395258967641292,0,-1,-2,2,1,-1,3,0,2
14757395258967641292,0,0,0,0,0,0,0,0,0
14757395258967641292,0,0,0,0,0,0,0,0,0
14757395258967641292,-1,0,1,0,-2,0,0,-1,-3
14757395258967641292,-2,-1,-5,-1,-4,-1,-2,0,-16
14757395258967641292,0,0,0,0,0,0,0,0,0
14757395258967641292,0,0,0,0,0,0,0,0,0
14757395258967641292,0,0,0,0,0,0,0,0,0
14757395258967641292,-1,0,4,1,-1,-1,1,-1,2
14757395258967641292,0,0,0,0,0,0,0,0,0
14757395258967641292,0,0,0,0,0,0,0,0,0
14757395258967641292,0,-3,3,-3,-2,-2,-2,-4,-13
14757395258967641292,-3,-1,-1,3,3,-2,-2,-2,-5
14757395258967641292,0,0,0,0,0,0,0,0,0
14757395258967641292,0,0,0,0,0,0,0,0,0
14757395258967641292,-2,-2,-6,-3,-2,-3,1,-1,-18
14757395258967641292,-1,-2,-5,-2,-2,-6,0,-1,-19
14757395258967641292,0,0,0,0,0,0,0,0,0
14757395258967641292,0,0,0,0,0,0,0,0,0
14757395258967641292,0,0,0,0,0,0,0,0,0
14757395258967641292,-2,-1,1,-1,-3,0,-4,-4,-14
14757395258967641292,0,0,0,0,0,0,0,0,0
14757395258967641292,-2,-2,-2,0,0,0,0,-1,-7
14757395258967641292,0,0,0,0,0,0,0,0,0
14757395258967641292,-1,-1,1,-1,4,1,-1,1,3
14757395258967641292,0,0,0,0,0,0,0,0,0
14757395258967641292,0,0,0,0,0,0,0,0,0
14757395258967641292,2,-2,-6,-2,-2,0,-2,-1,-13
14757395258967641292,0,2,2,-1,-1,-2,2,-1,1
14757395258967641292,0,0,0,0,0,0,0,0,0
14757395258967641292,0,0,0,0,0,0,0,0,0
14757395258967641292,0,0,0,0,0,0,0,0,0
14757395258967641292,0,1,0,-3,-2,1,-1,0,-4
14757395258967641292,0,0,0,0,0,0,0,0,0
14757395258967641292,-2,1,2,-2,-4,-3,-2,-2,-12
14757395258967641292,0,0,0,0,0,0,0,0,0
14757395258967641292,-2,-3,-6,1,-1,1,-1,-1,-12
14757395258967641292,0,0,0,0,0,0,0,0,0
14757395258967641292,0,0,0,0,0,0,0,0,0
14757395258967641292,0,-3,-2,-1,-1,0,-3,-3,-13
14757395258967641292,0,1,26,1,0,0,-2,-1,25
14757395258967641292,0,0,0,0,0,0,0,0,0
14757395258967641292,0,0,0,0,0,0,0,0,0
14757395258967641292,0,0,0,0,0,0,0,0,0
14757395258967641292,-1,1,-9,-2,-3,-2,-3,-3,-22
14757395258967641292,0,0,0,0,0,0,0,0,0
14757395258967641292,0,0,3,-1,0,2,0,0,4
14757395258967641292,0,0,0,0,0,0,0,0,0
14757395258967641292,-1,-1,-4,0,-1,1,-1,0,-7
14757395258967641292,0,0,0,0,0,0,0,0,0
14757395258967641292,0,0,0,0,0,0,0,0,0
14757395258967641292,0,0,0,0,0,0,0,0,0
14757395258967641292,0,0,0,0,0,0,0,0,0
14757395258967641292,-2,-2,-1,1,-1,-2,-2,-2,-11
14757395258967641292,0,0,0,0,0,0,0,0,0
14757395258967641292,0,0,0,0,0,0,0,0,0
14757395258967641292,1,-2,-5,-1,1,-1,3,2,-2
14757395258967641292,0,0,0,0,0,0,0,0,0
14757395258967641292,1,1,2,-2,0,-1,-3,0,-2
14757395258967641292,0,0,0,0,0,0,0,0,0
14757395258967641292,-2,-4,-7,-3,-4,-2,-3,-2,-27
14757395258967641292,0,0,0,0,0,0,0,0,0
14757395258967641292,0,0,0,0,0,0,0,0,0
14757395258967641292,0,0,-1,-1,0,1,0,2,1
14757395258967641292,0,0,0,0,0,0,0,0,0
14757395258967641292,0,0,0,0,0,0,0,0,0
14757395258967641292,0,0,0,0,0,0,0,0,0
14757395258967641292,0,0,0,0,0,0,0,0,0
14757395258967641292,-2,-2,-1,0,1,1,0,-2,-5
14757395258967641292,0,0,0,0,0,0,0,0,0
14757395258967641292,-1,1,-6,0,3,1,3,0,1
14757395258967641292,0,0,0,0,0,0,0,0,0
14757395258967641292,-2,-2,-4,-2,-3,-2,-1,-3,-19
14757395258967641292,0,0,0,0,0,0,0,0,0
14757395258967641292,0,0,0,0,0,0,0,0,0
14757395258967641292,-1,-1,0,0,2,3,-2,1,2
14757395258967641292,0,0,0,0,0,0,0,0,0
14757395258967641292,0,0,0,0,0,0,0,0,0
14757395258967641292,0,0,0,0,0,0,0,0,0
14757395258967641292,0,0,0,0,0,0,0,0,0
14757395258967641292,-1,-1,-7,-3,-2,-3,-1,1,-17
14757395258967641292,0,0,0,0,0,0,0,0,0
14757395258967641292,-2,-2,1,-2,-2,-1,0,2,-6
14757395258967641292,0,0,0,0,0,0,0,0,0
14757395258967641292,0,-2,-2,-2,-2,-3,-2,-2,-15
14757395258967641292,0,0,0,0,0,0,0,0,0
14757395258967641292,0,0,0,0,0,0,0,0,0
14757395258967641292,-2,-1,2,-2,-4,-3,-2,-2,-14
14757395258967641292,0,0,0,0,0,0,0,0,0
14757395258967641292,0,0,0,0,0,0,0,0,0
14757395258967641292,0,0,0,0,0,0,0,0,0
14757395258967641292,0,0,0,0,0,0,0,0,0
14757395258967641292,1,-1,0,-2,-1,0,-4,0,-7
14757395258967641292,0,0,0,0,0,0,0,0,0
14757395258967641292,2,-2,-1,1,0,-3,1,-1,-3
14757395258967641292,0,0,0,0,0,0,0,0,0
14757395258967641292,1,0,0,-1,0,-1,-3,0,-4
14757395258967641292,0,0,0,0,0,0,0,0,0
14757395258967641292,0,0,0,0,0,0,0,0,0
14757395258967641292,-3,-5,-4,-1,-3,-2,2,-1,-17
14757395258967641292,0,0,0,0,0,0,0,0,0
14757395258967641292,0,0,0,0,0,0,0,0,0
14757395258967641292,0,0,0,0,0,0,0,0,0
14757395258967641292,0,0,0,0,0,0,0,0,0
14757395258967641292,-1,-1,-1,-2,-2,-1,1,-1,-8
14757395258967641292,0,0,0,0,0,0,0,0,0
14757395258967641292,0,0,0,0,0,0,0,0,0
14757395258967641292,-1,-1,0,0,2,1,0,0,1
14757395258967641292,0,2,-1,-1,2,0,-2,-2,-2
14757395258967641292,0,0,0,0,0,0,0,0,0
14757395258967641292,0,0,0,0,0,0,0,0,0
14757395258967641292,-1,0,4,-1,-1,0,-2,-1,-2
14757395258967641292,0,0,0,0,0,0,0,0,0
14757395258967641292,0,0,0,0,0,0,0,0,0
14757395258967641292,0,0,0,0,0,0,0,0,0
14757395258967641292,0,0,0,0,0,0,0,0,0
14757395258967641292,-1,-2,-4,-2,-1,0,0,-3,-13
14757395258967641292,0,0,0,0,0,0,0,0,0
14757395258967641292,0,0,0,0,0,0,0,0,0
14757395258967641292,0,0,0,0,0,0,0,0,0
14757395258967641292,-1,-2,-5,-2,-1,-2,0,-1,-14
14757395258967641292,-1,-1,-3,0,-3,0,0,-2,-10
14757395258967641292,0,0,0,0,0,0,0,0,0
14757395258967641292,-2,-2,0,0,-2,-2,-2,0,-10
14757395258967641292,1,-1,1,-2,1,1,7,1,9
14757395258967641292,0,0,0,0,0,0,0,0,0
14757395258967641292,0,0,0,0,0,0,0,0,0
14757395258967641292,0,0,0,0,0,0,0,0,0
14757395258967641292,2,-1,1,1,0,-3,-4,0,-4
14757395258967641292,0,0,0,0,0,0,0,0,0
14757395258967641292,0,0,0,0,0,0,0,0,0
14757395258967641292,0,0,0,0,0,0,0,0,0
14757395258967641292,0,-1,0,-1,-2,-1,4,2,1
14757395258967641292,-1,0,-1,1,-2,3,1,0,1
14757395258967641292,0,0,0,0,0,0,0,0,0
14757395258967641292,-1,-1,-2,-1,-1,-3,-2,-2,-13
14757395258967641292,-1,-2,-4,-2,-5,-4,-3,-2,-23
14757395258967641292,0,0,0,0,0,0,0,0,0
14757395258967641292,0,0,0,0,0,0,0,0,0
14757395258967641292,0,0,0,0,0,0,0,0,0
14757395258967641292,0,-2,3,-1,-3,-2,-3,1,-7
14757395258967641292,0,0,0,0,0,0,0,0,0
14757395258967641292,0,0,0,0,0,0,0,0,0
14757395258967641292,0,0,0,0,0,0,0,0,0
14757395258967641292,0,-3,-1,-2,-3,0,-1,0,-10
14757395258967641292,-1,1,-6,1,4,3,-1,-2,-1
14757395258967641292,0,0,0,0,0,0,0,0,0
14757395258967641292,-1,-2,2,-1,-1,0,-1,-2,-6
14757395258967641292,0,0,0,0,0,0,0,0,0
14757395258967641292,-3,-2,-5,-4,-4,-1,-3,-1,-23
14757395258967641292,0,0,0,0,0,0,0,0,0
14757395258967641292,0,0,0,0,0,0,0,0,0
14757395258967641292,0,0,0,0,0,0,0,0,0
14757395258967641292,-1,-2,-1,-1,2,-2,-1,-1,-7
14757395258967641292,-2,-2,0,-1,-2,0,0,-1,-8
14757395258967641292,0,0,0,0,0,0,0,0,0
14757395258967641292,-1,-1,2,0,-3,-2,-3,-1,-9
14757395258967641292,1,0,-1,-2,0,1,0,-1,-2
