14757395258967641292,0,0,0,0,0,0,0,0,0
14757395258967641292,-1,-5,-1,4,2,2,2,-3,0
14757395258967641292,-1,-1,3,-2,-3,-5,-3,-3,-15
14757395258967641292,0,0,0,0,0,0,0,0,0
14757395258967641292,0,0,0,0,0,0,0,0,0
14757395258967641292,0,0,0,0,0,0,0,0,0
14757395258967641292,-9,-22,-5,1,6,3,-1,0,-27
14757395258967641292,0,0,0,0,0,0,0,0,0
14757395258967641292,0,0,0,0,0,0,0,0,0
14757395258967641292,0,0,0,0,0,0,0,0,0
14757395258967641292,8,4,-1,0,-4,-4,-2,-1,0
14757395258967641292,3,1,2,2,-2,-2,1,1,6
14757395258967641292,0,0,0,0,0,0,0,0,0
14757395258967641292,-7,-6,0,-2,5,-1,4,-3,-10
14757395258967641292,0,0,0,0,0,0,0,0,0
14757395258967641292,-10,-21,-11,-8,-7,-4,0,-1,-62
14757395258967641292,0,0,0,0,0,0,0,0,0
14757395258967641292,0,0,0,0,0,0,0,0,0
14757395258967641292,2,4,-4,-4,-5,-3,-6,-2,-18
14757395258967641292,0,0,0,0,0,0,0,0,0
14757395258967641292,0,0,0,0,0,0,0,0,0
14757395258967641292,0,0,0,0,0,0,0,0,0
14757395258967641292,-4,-1,3,-2,-2,0,1,1,-4
14757395258967641292,-4,-5,-3,0,1,1,-3,-1,-14
14757395258967641292,0,0,0,0,0,0,0,0,0
14757395258967641292,0,0,0,0,0,0,0,0,0
14757395258967641292,0,0,0,0,0,0,0,0,0
14757395258967641292,1,8,-2,0,0,1,1,-3,6
14757395258967641292,0,0,0,0,0,0,0,0,0
14757395258967641292,0,0,0,0,0,0,0,0,0
14757395258967641292,0,1,-1,4,2,2,-1,1,8
14757395258967641292,0,0,0,0,0,0,0,0,0
14757395258967641292,0,0,0,0,0,0,0,0,0
14757395258967641292,0,0,0,0,0,0,0,0,0
14757395258967641292,4,10,2,0,1,0,-1,1,17
14757395258967641292,1,2,-2,-2,-6,-2,-2,0,-11
14757395258967641292,0,0,0,0,0,0,0,0,0
14757395258967641292,-3,-3,0,-3,0,-2,-3,-1,-15
14757395258967641292,0,0,0,0,0,0,0,0,0
14757395258967641292,1,6,2,-5,6,-1,0,-5,4
14757395258967641292,0,0,0,0,0,0,0,0,0
14757395258967641292,0,0,0,0,0,0,0,0,0
14757395258967641292,-2,-1,1,0,-3,0,1,0,-4
14757395258967641292,0,0,0,0,0,0,0,0,0
14757395258967641292,0,0,0,0,0,0,0,0,0
14757395258967641292,0,0,0,0,0,0,0,0,0
14757395258967641292,-3,-4,2,-2,-2,-2,1,0,-10
14757395258967641292,5,3,1,0,-13,-2,-1,1,-6
14757395258967641292,0,0,0,0,0,0,0,0,0
14757395258967641292,-1,-5,-5,5,15,2,3,0,14
14757395258967641292,0,0,0,0,0,0,0,0,0
14757395258967641292,-4,-4,-4,-10,-2,-3,-3,-1,-31
14757395258967641292,0,0,0,0,0,0,0,0,0
14757395258967641292,0,0,0,0,0,0,0,0,0
14757395258967641292,0,-11,-1,1,2,-1,-2,-2,-14
14757395258967641292,0,0,0,0,0,0,0,0,0
14757395258967641292,0,0,0,0,0,0,0,0,0
14757395258967641292,0,0,0,0,0,0,0,0,0
14757395258967641292,-1,-4,-3,4,-6,-1,3,2,-6
14757395258967641292,1,-1,2,3,-1,2,2,-1,7
14757395258967641292,0,0,0,0,0,0,0,0,0
14757395258967641292,-2,-11,-1,-6,-7,-4,-3,-1,-35
14757395258967641292,0,0,0,0,0,0,0,0,0
14757395258967641292,3,12,2,3,10,0,0,3,33
14757395258967641292,0,0,0,0,0,0,0,0,0
14757395258967641292,0,0,0,0,0,0,0,0,0
14757395258967641292,-2,-4,-1,2,-2,0,-1,-1,-9
14757395258967641292,0,0,0,0,0,0,0,0,0
14757395258967641292,0,0,0,0,0,0,0,0,0
14757395258967641292,0,0,0,0,0,0,0,0,0
14757395258967641292,-8,-23,-6,-7,-9,-3,-1,-2,-59
14757395258967641292,-3,2,3,4,-3,1,0,-4,0
14757395258967641292,0,0,0,0,0,0,0,0,0
14757395258967641292,2,6,2,4,8,5,0,2,29
14757395258967641292,0,0,0,0,0,0,0,0,0
14757395258967641292,-3,-2,-2,-4,-1,-5,-4,-4,-25
14757395258967641292,0,0,0,0,0,0,0,0,0
14757395258967641292,0,0,0,0,0,0,0,0,0
14757395258967641292,-1,1,-4,-3,-2,0,-2,0,-11
14757395258967641292,0,0,0,0,0,0,0,0,0
14757395258967641292,0,0,0,0,0,0,0,0,0
14757395258967641292,0,0,0,0,0,0,0,0,0
14757395258967641292,-1,-6,-3,-4,-3,-2,-2,0,-21
14757395258967641292,2,1,4,6,5,1,2,2,23
14757395258967641292,0,0,0,0,0,0,0,0,0
14757395258967641292,-4,0,0,-1,2,1,0,-2,-4
14757395258967641292,0,0,0,0,0,0,0,0,0
14757395258967641292,-7,-11,-4,-8,-5,-5,-7,-6,-53
14757395258967641292,0,0,0,0,0,0,0,0,0
14757395258967641292,0,0,0,0,0,0,0,0,0
14757395258967641292,0,7,2,4,8,1,-1,-2,19
14757395258967641292,0,0,0,0,0,0,0,0,0
14757395258967641292,0,0,0,0,0,0,0,0,0
14757395258967641292,0,0,0,0,0,0,0,0,0
14757395258967641292,1,9,0,-3,-14,-4,-2,0,-13
14757395258967641292,-3,-7,-7,-4,-5,0,-3,0,-29
14757395258967641292,0,0,0,0,0,0,0,0,0
14757395258967641292,3,-2,-2,2,1,-3,-3,-2,-6
14757395258967641292,0,0,0,0,0,0,0,0,0
14757395258967641292,1,2,1,3,3,0,0,1,11
14757395258967641292,0,0,0,0,0,0,0,0,0
14757395258967641292,0,0,0,0,0,0,0,0,0
14757395258967641292,-2,1,-1,-7,-3,-2,0,0,-14
14757395258967641292,0,0,0,0,0,0,0,0,0
14757395258967641292,0,0,0,0,0,0,0,0,0
14757395258967641292,0,0,0,0,0,0,0,0,0
14757395258967641292,-3,-11,-3,0,0,0,-2,-2,-21
14757395258967641292,-1,-2,-1,-5,-6,-6,-1,2,-20
14757395258967641292,0,0,0,0,0,0,0,0,0
14757395258967641292,-4,-2,-2,-6,-3,-2,-1,-3,-23
14757395258967641292,0,0,0,0,0,0,0,0,0
14757395258967641292,5,9,2,2,2,0,-1,-2,17
14757395258967641292,0,0,0,0,0,0,0,0,0
14757395258967641292,0,0,0,0,0,0,0,0,0
14757395258967641292,2,6,2,-1,2,2,0,-1,12
14757395258967641292,0,0,0,0,0,0,0,0,0
14757395258967641292,0,0,0,0,0,0,0,0,0
14757395258967641292,0,0,0,0,0,0,0,0,0
14757395258967641292,-4,-5,1,-2,-12,-2,0,-1,-25
14757395258967641292,-3,-4,-16,-6,0,-2,-1,1,-31
14757395258967641292,0,0,0,0,0,0,0,0,0
14757395258967641292,-4,0,-5,-3,8,-1,0,0,-5
14757395258967641292,0,0,0,0,0,0,0,0,0
14757395258967641292,0,1,5,0,4,2,2,-1,13
14757395258967641292,0,0,0,0,0,0,0,0,0
14757395258967641292,0,0,0,0,0,0,0,0,0
14757395258967641292,-1,9,2,2,-2,1,0,0,11
14757395258967641292,0,0,0,0,0,0,0,0,0
14757395258967641292,0,0,0,0,0,0,0,0,0
14757395258967641292,0,0,0,0,0,0,0,0,0
14757395258967641292,2,2,0,0,-1,-1,-2,0,0
14757395258967641292,-1,0,-6,-5,-5,-5,0,-3,-25
14757395258967641292,0,0,0,0,0,0,0,0,0
14757395258967641292,1,3,1,6,0,2,-3,0,10
14757395258967641292,0,0,0,0,0,0,0,0,0
14757395258967641292,1,-3,4,-2,-2,-5,-1,2,-6
14757395258967641292,0,0,0,0,0,0,0,0,0
14757395258967641292,0,0,0,0,0,0,0,0,0
14757395258967641292,-2,-9,-5,2,1,1,3,-2,-11
14757395258967641292,0,0,0,0,0,0,0,0,0
14757395258967641292,0,0,0,0,0,0,0,0,0
14757395258967641292,0,0,0,0,0,0,0,0,0
14757395258967641292,0,1,0,-3,-5,-4,-1,-1,-13
14757395258967641292,-3,-2,3,-4,-3,0,-1,-3,-13
14757395258967641292,0,0,0,0,0,0,0,0,0
14757395258967641292,-9,-2,1,2,-1,-1,0,0,-10
14757395258967641292,0,0,0,0,0,0,0,0,0
14757395258967641292,1,-6,4,8,6,2,-2,0,13
14757395258967641292,0,0,0,0,0,0,0,0,0
14757395258967641292,0,0,0,0,0,0,0,0,0
14757395258967641292,-3,-2,-6,-7,-11,-2,-6,-4,-41
14757395258967641292,0,0,0,0,0,0,0,0,0
14757395258967641292,0,0,0,0,0,0,0,0,0
14757395258967641292,0,0,0,0,0,0,0,0,0
14757395258967641292,2,2,1,-3,-3,-2,3,0,0
14757395258967641292,-3,-1,-2,0,4,0,0,-1,-3
14757395258967641292,0,0,0,0,0,0,0,0,0
14757395258967641292,-4,1,-2,-1,-5,-2,-3,-1,-17
14757395258967641292,0,0,0,0,0,0,0,0,0
14757395258967641292,2,-1,1,3,-1,1,2,0,7
14757395258967641292,0,0,0,0,0,0,0,0,0
14757395258967641292,0,0,0,0,0,0,0,0,0
14757395258967641292,-2,-1,-2,-1,-2,-2,-1,1,-10
14757395258967641292,0,0,0,0,0,0,0,0,0
14757395258967641292,0,0,0,0,0,0,0,0,0
14757395258967641292,0,0,0,0,0,0,0,0,0
14757395258967641292,-1,5,2,-5,-4,0,0,2,-1
14757395258967641292,0,-4,-3,-1,-2,0,-1,-1,-12
14757395258967641292,0,0,0,0,0,0,0,0,0
14757395258967641292,0,0,0,0,0,0,0,0,0
14757395258967641292,0,0,0,0,0,0,0,0,0
14757395258967641292,1,-2,-1,-3,-4,-1,-2,-2,-14
14757395258967641292,0,0,0,0,0,0,0,0,0
14757395258967641292,0,0,0,0,0,0,0,0,0
14757395258967641292,-6,-8,-3,1,1,0,1,-3,-17
14757395258967641292,0,0,0,0,0,0,0,0,0
14757395258967641292,0,0,0,0,0,0,0,0,0
14757395258967641292,0,0,0,0,0,0,0,0,0
14757395258967641292,1,5,5,1,-4,0,1,0,9
14757395258967641292,4,5,2,8,11,0,1,-1,30
14757395258967641292,0,0,0,0,0,0,0,0,0
14757395258967641292,0,0,0,0,0,0,0,0,0
14757395258967641292,0,0,0,0,0,0,0,0,0
14757395258967641292,-3,-1,0,-4,-10,-1,-2,-2,-23
14757395258967641292,0,0,0,0,0,0,0,0,0
14757395258967641292,0,0,0,0,0,0,0,0,0
14757395258967641292,-2,-4,-2,-1,6,-2,-1,-2,-8
14757395258967641292,0,0,0,0,0,0,0,0,0
14757395258967641292,0,0,0,0,0,0,0,0,0
14757395258967641292,0,0,0,0,0,0,0,0,0
14757395258967641292,0,3,2,2,-2,5,-1,1,10
14757395258967641292,0,0,0,0,0,0,0,0,0
14757395258967641292,0,0,0,0,0,0,0,0,0
14757395258967641292,0,0,0,0,0,0,0,0,0
14757395258967641292,0,0,0,0,0,0,0,0,0
14757395258967641292,-6,-6,-6,-6,-6,-3,-1,0,-34
14757395258967641292,0,0,0,0,0,0,0,0,0
14757395258967641292,4,5,2,11,3,2,1,4,32
14757395258967641292,0,0,0,0,0,0,0,0,0
14757395258967641292,0,-3,-5,-9,-6,-4,-4,0,-31
14757395258967641292,0,0,0,0,0,0,0,0,0
14757395258967641292,0,0,0,0,0,0,0,0,0
14757395258967641292,-2,-4,-5,-5,-3,-1,-2,-9,-31
14757395258967641292,0,0,0,0,0,0,0,0,0
14757395258967641292,0,0,0,0,0,0,0,0,0
14757395258967641292,0,0,0,0,0,0,0,0,0
14757395258967641292,0,0,0,0,0,0,0,0,0
14757395258967641292,-1,-5,1,4,12,2,-1,0,12
14757395258967641292,0,0,0,0,0,0,0,0,0
14757395258967641292,0,-2,1,-2,-1,-1,-1,-1,-7
14757395258967641292,0,0,0,0,0,0,0,0,0
14757395258967641292,-1,0,-1,-4,-5,-3,-1,0,-15
14757395258967641292,0,0,0,0,0,0,0,0,0
14757395258967641292,0,0,0,0,0,0,0,0,0
14757395258967641292,0,-3,-7,-2,-4,-2,-2,-3,-23
14757395258967641292,0,0,0,0,0,0,0,0,0
14757395258967641292,0,0,0,0,0,0,0,0,0
14757395258967641292,0,0,0,0,0,0,0,0,0
14757395258967641292,0,0,0,0,0,0,0,0,0
14757395258967641292,-2,6,5,4,6,2,2,3,26
14757395258967641292,0,0,0,0,0,0,0,0,0
14757395258967641292,-1,-2,-4,-3,-4,-3,0,1,-16
14757395258967641292,0,0,0,0,0,0,0,0,0
14757395258967641292,-1,-3,-5,-8,-10,-6,0,1,-32
14757395258967641292,0,0,0,0,0,0,0,0,0
14757395258967641292,0,0,0,0,0,0,0,0,0
14757395258967641292,-1,-17,-10,1,6,5,4,1,-11
14757395258967641292,0,0,0,0,0,0,0,0,0
14757395258967641292,0,0,0,0,0,0,0,0,0
14757395258967641292,0,0,0,0,0,0,0,0,0
14757395258967641292,0,0,0,0,0,0,0,0,0
14757395258967641292,0,7,4,0,-4,-4,-4,-1,-2
14757395258967641292,0,0,0,0,0,0,0,0,0
14757395258967641292,-2,-4,-6,-4,-6,4,-1,-2,-21
14757395258967641292,0,0,0,0,0,0,0,0,0
14757395258967641292,-7,-12,-6,-3,-5,-3,-2,1,-37
14757395258967641292,0,0,0,0,0,0,0,0,0
14757395258967641292,0,0,0,0,0,0,0,0,0
14757395258967641292,3,6,1,-1,2,0,-1,1,11
14757395258967641292,0,0,0,0,0,0,0,0,0
14757395258967641292,0,0,0,0,0,0,0,0,0
14757395258967641292,0,0,0,0,0,0,0,0,0
14757395258967641292,0,0,0,0,0,0,0,0,0
14757395258967641292,-4,2,7,0,-3,-3,-4,-1,-6
14757395258967641292,0,0,0,0,0,0,0,0,0
14757395258967641292,0,0,0,0,0,0,0,0,0
14757395258967641292,2,2,-3,-2,-1,-1,-1,-8,-12
14757395258967641292,4,8,0,0,-2,0,-1,-1,8
14757395258967641292,0,0,0,0,0,0,0,0,0
14757395258967641292,0,0,0,0,0,0,0,0,0
14757395258967641292,-5,-14,-9,-1,1,2,1,1,-24
14757395258967641292,-3,-8,-3,2,-2,-1,0,-3,-18
14757395258967641292,0,0,0,0,0,0,0,0,0
14757395258967641292,0,0,0,0,0,0,0,0,0
14757395258967641292,0,0,0,0,0,0,0,0,0
14757395258967641292,0,7,0,-5,-1,-2,-3,-2,-6
14757395258967641292,0,0,0,0,0,0,0,0,0
14757395258967641292,0,0,0,0,0,0,0,0,0
14757395258967641292,-4,-11,-7,-7,-4,-4,0,2,-35
14757395258967641292,-1,-1,8,3,-1,1,-6,-5,-2
14757395258967641292,0,0,0,0,0,0,0,0,0
14757395258967641292,0,0,0,0,0,0,0,0,0
14757395258967641292,6,2,-2,10,13,8,6,6,49
14757395258967641292,-6,-19,-13,-9,-19,-7,-3,-3,-79
14757395258967641292,0,0,0,0,0,0,0,0,0
14757395258967641292,0,0,0,0,0,0,0,0,0
14757395258967641292,0,0,0,0,0,0,0,0,0
14757395258967641292,3,0,-4,3,18,4,5,1,30
14757395258967641292,0,0,0,0,0,0,0,0,0
14757395258967641292,0,0,0,0,0,0,0,0,0
14757395258967641292,3,18,10,3,-4,-4,-3,0,23
14757395258967641292,0,0,0,0,0,0,0,0,0
14757395258967641292,0,0,0,0,0,0,0,0,0
14757395258967641292,2,-16,-11,3,5,7,4,10,4
14757395258967641292,-9,3,-2,-11,-17,-14,-10,-7,-67
14757395258967641292,-5,6,2,-6,-14,-7,-7,-6,-37
14757395258967641292,0,0,0,0,0,0,0,0,0
14757395258967641292,0,0,0,0,0,0,0,0,0
14757395258967641292,0,0,0,0,0,0,0,0,0
14757395258967641292,0,14,9,-2,-4,-5,0,-1,11
14757395258967641292,0,0,0,0,0,0,0,0,0
14757395258967641292,3,20,11,5,0,1,-4,0,36
14757395258967641292,0,0,0,0,0,0,0,0,0
14757395258967641292,4,3,6,8,7,8,6,2,44
14757395258967641292,0,0,0,0,0,0,0,0,0
14757395258967641292,0,0,0,0,0,0,0,0,0
14757395258967641292,-2,-10,-5,0,1,1,0,-1,-16
14757395258967641292,0,0,0,0,0,0,0,0,0
14757395258967641292,1,-8,-12,-4,1,-1,0,0,-23
14757395258967641292,0,0,0,0,0,0,0,0,0
14757395258967641292,0,0,0,0,0,0,0,0,0
14757395258967641292,-2,-2,-3,-5,-7,-5,-4,-2,-30
14757395258967641292,0,0,0,0,0,0,0,0,0
14757395258967641292,-1,-11,-9,-3,0,-1,2,0,-23
14757395258967641292,0,0,0,0,0,0,0,0,0
14757395258967641292,7,4,7,9,14,10,6,4,61
14757395258967641292,0,0,0,0,0,0,0,0,0
14757395258967641292,0,0,0,0,0,0,0,0,0
14757395258967641292,2,14,8,4,1,-2,0,-2,25
14757395258967641292,-1,2,4,-1,-3,-9,-4,-4,-16
14757395258967641292,0,0,0,0,0,0,0,0,0
14757395258967641292,0,0,0,0,0,0,0,0,0
14757395258967641292,0,0,0,0,0,0,0,0,0
14757395258967641292,-1,6,-3,-3,-3,-4,-3,-5,-16
14757395258967641292,0,0,0,0,0,0,0,0,0
14757395258967641292,3,6,4,2,0,1,-2,0,14
14757395258967641292,0,0,0,0,0,0,0,0,0
14757395258967641292,-3,0,8,-4,-5,-4,-5,-7,-20
14757395258967641292,0,0,0,0,0,0,0,0,0
14757395258967641292,0,0,0,0,0,0,0,0,0
14757395258967641292,-4,5,7,4,2,-1,-1,-7,5
14757395258967641292,-11,-16,-14,-10,-11,-6,-6,-5,-79
14757395258967641292,0,0,0,0,0,0,0,0,0
14757395258967641292,0,0,0,0,0,0,0,0,0
14757395258967641292,0,0,0,0,0,0,0,0,0
14757395258967641292,-2,4,0,-2,-6,-5,-2,2,-11
14757395258967641292,0,0,0,0,0,0,0,0,0
14757395258967641292,2,8,-1,0,1,-2,-1,-1,6
14757395258967641292,0,0,0,0,0,0,0,0,0
14757395258967641292,4,10,4,4,6,3,0,1,32
14757395258967641292,0,0,0,0,0,0,0,0,0
14757395258967641292,0,0,0,0,0,0,0,0,0
14757395258967641292,3,8,6,5,4,5,1,3,35
14757395258967641292,-3,-8,-5,-4,-6,-1,0,-6,-33
14757395258967641292,0,0,0,0,0,0,0,0,0
14757395258967641292,0,0,0,0,0,0,0,0,0
14757395258967641292,0,0,0,0,0,0,0,0,0
14757395258967641292,-3,1,9,-2,4,2,1,1,13
14757395258967641292,0,0,0,0,0,0,0,0,0
14757395258967641292,-3,-6,1,9,2,-3,1,4,5
14757395258967641292,0,0,0,0,0,0,0,0,0
14757395258967641292,2,1,0,-2,-10,0,-1,-3,-13
14757395258967641292,0,0,0,0,0,0,0,0,0
14757395258967641292,0,0,0,0,0,0,0,0,0
14757395258967641292,1,4,3,5,5,2,0,-1,19
14757395258967641292,-7,-15,-11,-10,-9,-6,-4,-4,-66
14757395258967641292,0,0,0,0,0,0,0,0,0
14757395258967641292,0,0,0,0,0,0,0,0,0
14757395258967641292,0,0,0,0,0,0,0,0,0
14757395258967641292,-1,-6,-2,-3,0,-2,-3,-2,-19
14757395258967641292,0,0,0,0,0,0,0,0,0
14757395258967641292,0,3,4,-4,-3,3,3,1,7
14757395258967641292,0,0,0,0,0,0,0,0,0
14757395258967641292,0,4,5,6,6,0,3,3,27
14757395258967641292,0,0,0,0,0,0,0,0,0
14757395258967641292,0,0,0,0,0,0,0,0,0
14757395258967641292,0,-2,-4,-3,-3,-4,-3,0,-19
14757395258967641292,-6,-16,-8,-7,-2,-5,-2,-1,-47
14757395258967641292,0,0,0,0,0,0,0,0,0
14757395258967641292,0,0,0,0,0,0,0,0,0
14757395258967641292,0,0,0,0,0,0,0,0,0
14757395258967641292,2,7,-1,3,3,2,-2,0,14
14757395258967641292,0,0,0,0,0,0,0,0,0
14757395258967641292,-1,2,4,-3,-3,-2,-2,3,-2
14757395258967641292,0,0,0,0,0,0,0,0,0
14757395258967641292,-4,7,-3,2,-1,4,2,-1,6
14757395258967641292,0,0,0,0,0,0,0,0,0
14757395258967641292,0,0,0,0,0,0,0,0,0
14757395258967641292,-2,0,-2,-3,0,-1,-1,-2,-11
14757395258967641292,7,7,6,7,1,-1,-1,1,27
14757395258967641292,0,0,0,0,0,0,0,0,0
14757395258967641292,0,0,0,0,0,0,0,0,0
14757395258967641292,0,0,0,0,0,0,0,0,0
14757395258967641292,4,8,0,1,0,-2,2,3,16
14757395258967641292,0,0,0,0,0,0,0,0,0
14757395258967641292,0,0,0,0,0,0,0,0,0
14757395258967641292,0,0,0,0,0,0,0,0,0
14757395258967641292,0,-3,-5,-12,-20,-6,-2,1,-47
14757395258967641292,-7,-10,-5,-5,8,0,-3,-4,-26
14757395258967641292,0,0,0,0,0,0,0,0,0
14757395258967641292,-2,-1,-2,-2,-1,-3,-1,0,-12
14757395258967641292,3,-4,-6,0,-2,-1,-2,1,-11
14757395258967641292,0,0,0,0,0,0,0,0,0
14757395258967641292,0,0,0,0,0,0,0,0,0
14757395258967641292,0,0,0,0,0,0,0,0,0
14757395258967641292,-4,-4,3,3,-2,-1,1,-2,-6
14757395258967641292,0,0,0,0,0,0,0,0,0
14757395258967641292,0,0,0,0,0,0,0,0,0
14757395258967641292,0,0,0,0,0,0,0,0,0
14757395258967641292,1,2,0,1,1,2,0,-1,6
14757395258967641292,0,0,0,0,0,0,0,0,0
14757395258967641292,0,0,0,0,0,0,0,0,0
14757395258967641292,-2,8,0,-7,-10,-6,-5,-2,-24
14757395258967641292,-12,-12,-1,14,7,0,-2,-2,-8
14757395258967641292,0,0,0,0,0,0,0,0,0
14757395258967641292,0,0,0,0,0,0,0,0,0
14757395258967641292,0,0,0,0,0,0,0,0,0
14757395258967641292,4,8,4,-4,-8,-3,1,0,2
14757395258967641292,0,0,0,0,0,0,0,0,0
14757395258967641292,0,0,0,0,0,0,0,0,0
14757395258967641292,0,0,0,0,0,0,0,0,0
14757395258967641292,3,5,-2,-4,-3,-2,-2,-2,-7
14757395258967641292,0,0,0,0,0,0,0,0,0
14757395258967641292,0,0,0,0,0,0,0,0,0
14757395258967641292,0,2,1,0,2,0,1,1,7
14757395258967641292,0,0,0,0,0,0,0,0,0
14757395258967641292,0,0,0,0,0,0,0,0,0
14757395258967641292,2,2,0,0,4,1,0,2,11
14757395258967641292,0,0,0,0,0,0,0,0,0
14757395258967641292,-3,-9,-4,1,-2,-4,-2,-1,-24
14757395258967641292,0,0,0,0,0,0,0,0,0
14757395258967641292,0,0,0,0,0,0,0,0,0
14757395258967641292,0,0,0,0,0,0,0,0,0
14757395258967641292,-4,-3,-5,1,-1,0,-2,-5,-19
14757395258967641292,4,7,4,3,4,1,2,1,26
14757395258967641292,0,0,0,0,0,0,0,0,0
14757395258967641292,1,-1,0,1,2,-1,1,-1,2
14757395258967641292,0,0,0,0,0,0,0,0,0
14757395258967641292,8,7,-1,-4,-7,-1,-2,0,0
14757395258967641292,0,0,0,0,0,0,0,0,0
14757395258967641292,0,0,0,0,0,0,0,0,0
14757395258967641292,-1,9,-4,-7,-3,-1,-2,0,-9
14757395258967641292,0,0,0,0,0,0,0,0,0
14757395258967641292,0,0,0,0,0,0,0,0,0
14757395258967641292,0,0,0,0,0,0,0,0,0
14757395258967641292,-1,0,1,0,-2,1,-3,-2,-6
14757395258967641292,-1,1,1,-3,4,1,-1,1,3
14757395258967641292,0,0,0,0,0,0,0,0,0
14757395258967641292,0,-3,1,9,4,0,1,1,13
14757395258967641292,1,-1,-2,-5,-11,-2,1,-4,-23
14757395258967641292,0,0,0,0,0,0,0,0,0
14757395258967641292,0,0,0,0,0,0,0,0,0
14757395258967641292,0,0,0,0,0,0,0,0,0
14757395258967641292,-8,-11,-2,-4,-5,-1,-4,1,-34
14757395258967641292,0,0,0,0,0,0,0,0,0
14757395258967641292,0,0,0,0,0,0,0,0,0
14757395258967641292,0,0,0,0,0,0,0,0,0
14757395258967641292,-1,-6,0,0,5,0,2,-2,-2
14757395258967641292,0,0,0,0,0,0,0,0,0
14757395258967641292,0,0,0,0,0,0,0,0,0
14757395258967641292,2,0,-5,-3,-1,-1,-4,-1,-13
14757395258967641292,-5,-4,-4,-2,-3,0,-3,0,-21
14757395258967641292,0,0,0,0,0,0,0,0,0
14757395258967641292,0,0,0,0,0,0,0,0,0
14757395258967641292,0,0,0,0,0,0,0,0,0
14757395258967641292,-2,-2,-8,-2,2,-2,-1,-4,-19
14757395258967641292,0,0,0,0,0,0,0,0,0
14757395258967641292,0,0,0,0,0,0,0,0,0
14757395258967641292,0,0,0,0,0,0,0,0,0
14757395258967641292,0,-4,1,2,1,1,-2,-2,-3
14757395258967641292,0,0,0,0,0,0,0,0,0
14757395258967641292,0,0,0,0,0,0,0,0,0
14757395258967641292,-1,0,2,0,2,0,-5,-1,-3
14757395258967641292,1,6,5,0,-3,-1,-2,4,10
14757395258967641292,0,0,0,0,0,0,0,0,0
14757395258967641292,0,0,0,0,0,0,0,0,0
14757395258967641292,0,0,0,0,0,0,0,0,0
14757395258967641292,5,3,-2,-6,0,5,-1,-2,2
14757395258967641292,0,0,0,0,0,0,0,0,0
14757395258967641292,0,0,0,0,0,0,0,0,0
14757395258967641292,0,0,0,0,0,0,0,0,0
14757395258967641292,3,-2,1,2,4,1,1,0,10
14757395258967641292,0,9,6,3,-4,-4,0,-1,9
14757395258967641292,0,0,0,0,0,0,0,0,0
14757395258967641292,3,10,-3,0,4,-1,2,-2,13
14757395258967641292,0,0,0,0,0,0,0,0,0
14757395258967641292,0,-5,-1,-1,-10,1,1,1,-14
14757395258967641292,0,0,0,0,0,0,0,0,0
14757395258967641292,0,0,0,0,0,0,0,0,0
14757395258967641292,2,2,-6,1,13,4,3,-1,18
14757395258967641292,0,0,0,0,0,0,0,0,0
14757395258967641292,0,0,0,0,0,0,0,0,0
14757395258967641292,0,0,0,0,0,0,0,0,0
14757395258967641292,-4,-9,-5,-2,-1,-1,-2,1,-23
14757395258967641292,-4,-3,-4,-4,-8,-6,-5,-1,-35
14757395258967641292,0,0,0,0,0,0,0,0,0
14757395258967641292,-1,-3,1,-1,-1,-2,0,0,-7
14757395258967641292,0,0,0,0,0,0,0,0,0
14757395258967641292,-2,-6,-2,6,5,0,1,-1,1
14757395258967641292,0,0,0,0,0,0,0,0,0
14757395258967641292,0,0,0,0,0,0,0,0,0
14757395258967641292,-12,-17,-6,-5,0,-1,-1,-4,-46
14757395258967641292,0,0,0,0,0,0,0,0,0
14757395258967641292,0,0,0,0,0,0,0,0,0
14757395258967641292,0,0,0,0,0,0,0,0,0
14757395258967641292,1,-22,-27,-7,-2,-2,-3,4,-58
14757395258967641292,-6,-6,-1,-1,-3,-1,-2,-1,-21
14757395258967641292,0,0,0,0,0,0,0,0,0
14757395258967641292,0,0,0,0,0,0,0,0,0
14757395258967641292,0,0,0,0,0,0,0,0,0
14757395258967641292,-2,-5,-4,-7,-5,-3,0,-4,-30
14757395258967641292,0,0,0,0,0,0,0,0,0
14757395258967641292,0,0,0,0,0,0,0,0,0
14757395258967641292,2,1,9,7,4,1,0,-1,23
14757395258967641292,0,0,0,0,0,0,0,0,0
14757395258967641292,0,0,0,0,0,0,0,0,0
14757395258967641292,0,0,0,0,0,0,0,0,0
14757395258967641292,-3,-3,-4,-5,0,-2,-1,-1,-19
14757395258967641292,8,13,2,-1,-3,0,0,1,20
14757395258967641292,0,0,0,0,0,0,0,0,0
14757395258967641292,-8,-4,1,3,4,1,3,-1,-1
14757395258967641292,0,0,0,0,0,0,0,0,0
14757395258967641292,1,-5,0,0,1,-1,-4,1,-7
14757395258967641292,0,0,0,0,0,0,0,0,0
14757395258967641292,0,0,0,0,0,0,0,0,0
14757395258967641292,-3,1,-1,2,-13,1,-1,-2,-16
14757395258967641292,0,0,0,0,0,0,0,0,0
14757395258967641292,0,0,0,0,0,0,0,0,0
14757395258967641292,0,0,0,0,0,0,0,0,0
14757395258967641292,4,10,12,1,6,0,3,-6,30
14757395258967641292,2,-3,0,-1,-2,-6,-3,-1,-14
14757395258967641292,0,0,0,0,0,0,0,0,0
14757395258967641292,-4,-1,3,1,-5,0,-3,3,-6
14757395258967641292,0,0,0,0,0,0,0,0,0
14757395258967641292,-5,-2,-5,-4,-4,-1,0,-4,-25
14757395258967641292,0,0,0,0,0,0,0,0,0
14757395258967641292,0,0,0,0,0,0,0,0,0
14757395258967641292,0,0,0,0,0,0,0,0,0
14757395258967641292,3,7,-2,1,3,-2,0,-1,9
14757395258967641292,-1,1,1,0,3,-1,0,2,5
14757395258967641292,0,0,0,0,0,0,0,0,0
14757395258967641292,1,-5,-6,-8,-3,0,1,-1,-21
14757395258967641292,2,-4,2,-4,0,-2,-4,1,-9
14757395258967641292,0,0,0,0,0,0,0,0,0
14757395258967641292,-8,-7,-4,-3,-4,0,-4,-11,-41
14757395258967641292,0,0,0,0,0,0,0,0,0
14757395258967641292,-2,6,1,-3,-2,-1,-1,-2,-4
14757395258967641292,0,0,0,0,0,0,0,0,0
14757395258967641292,0,0,0,0,0,0,0,0,0
14757395258967641292,-5,-3,-3,5,6,3,4,0,7
14757395258967641292,0,0,0,0,0,0,0,0,0
14757395258967641292,0,0,0,0,0,0,0,0,0
14757395258967641292,0,0,0,0,0,0,0,0,0
14757395258967641292,0,8,6,-1,0,-1,-2,1,11
14757395258967641292,2,14,1,-7,-9,-3,-4,0,-6
14757395258967641292,0,0,0,0,0,0,0,0,0
14757395258967641292,1,2,1,7,12,3,1,2,29
14757395258967641292,0,0,0,0,0,0,0,0,0
14757395258967641292,1,-12,-10,-5,-6,-4,-6,-1,-43
14757395258967641292,0,0,0,0,0,0,0,0,0
14757395258967641292,0,0,0,0,0,0,0,0,0
14757395258967641292,-6,-5,-1,-2,0,-2,4,0,-12
14757395258967641292,0,0,0,0,0,0,0,0,0
14757395258967641292,0,0,0,0,0,0,0,0,0
14757395258967641292,0,0,0,0,0,0,0,0,0
14757395258967641292,6,4,-2,0,-3,1,2,0,8
14757395258967641292,3,-4,0,2,-1,-2,-2,1,-3
14757395258967641292,0,0,0,0,0,0,0,0,0
14757395258967641292,-7,-16,-6,-2,1,0,-3,-2,-35
14757395258967641292,0,0,0,0,0,0,0,0,0
14757395258967641292,2,4,-1,-1,2,3,2,-1,10
14757395258967641292,0,0,0,0,0,0,0,0,0
14757395258967641292,0,0,0,0,0,0,0,0,0
14757395258967641292,-4,-3,-6,-4,-6,-1,1,-1,-24
14757395258967641292,0,0,0,0,0,0,0,0,0
14757395258967641292,0,0,0,0,0,0,0,0,0
14757395258967641292,0,0,0,0,0,0,0,0,0
14757395258967641292,2,5,3,1,-2,0,-1,-1,7
14757395258967641292,0,0,0,0,0,0,0,0,0
14757395258967641292,0,0,0,0,0,0,0,0,0
14757395258967641292,0,0,0,0,0,0,0,0,0
14757395258967641292,0,0,0,0,0,0,0,0,0
14757395258967641292,-6,-15,-12,5,18,1,-1,-1,-11
14757395258967641292,0,0,0,0,0,0,0,0,0
14757395258967641292,0,0,0,0,0,0,0,0,0
14757395258967641292,3,6,0,2,1,2,0,-1,13
14757395258967641292,3,4,6,6,-1,-4,-3,-5,6
14757395258967641292,0,0,0,0,0,0,0,0,0
14757395258967641292,0,0,0,0,0,0,0,0,0
14757395258967641292,-3,-6,-5,-6,-6,-2,0,-1,-29
14757395258967641292,0,0,0,0,0,0,0,0,0
14757395258967641292,0,0,0,0,0,0,0,0,0
14757395258967641292,0,0,0,0,0,0,0,0,0
14757395258967641292,0,0,0,0,0,0,0,0,0
14757395258967641292,-1,-6,1,0,0,4,0,-2,-4
14757395258967641292,0,0,0,0,0,0,0,0,0
14757395258967641292,0,0,0,0,0,0,0,0,0
14757395258967641292,-6,-9,4,7,8,2,1,3,10
14757395258967641292,0,0,0,0,0,0,0,0,0
14757395258967641292,0,0,0,0,0,0,0,0,0
14757395258967641292,0,0,0,0,0,0,0,0,0
14757395258967641292,-2,-18,-16,-2,-4,-3,-1,-5,-51
14757395258967641292,7,11,-1,-6,-8,-4,-1,1,-1
14757395258967641292,0,0,0,0,0,0,0,0,0
14757395258967641292,0,0,0,0,0,0,0,0,0
14757395258967641292,0,0,0,0,0,0,0,0,0
14757395258967641292,0,6,2,0,3,-2,-1,-1,7
14757395258967641292,0,0,0,0,0,0,0,0,0
14757395258967641292,0,0,0,0,0,0,0,0,0
14757395258967641292,-1,-9,5,3,0,3,1,-2,0
14757395258967641292,0,0,0,0,0,0,0,0,0
14757395258967641292,0,0,0,0,0,0,0,0,0
14757395258967641292,0,0,0,0,0,0,0,0,0
14757395258967641292,-2,2,1,-2,-2,0,0,-1,-4
14757395258967641292,10,25,4,2,-1,-2,-2,-1,35
14757395258967641292,0,0,0,0,0,0,0,0,0
14757395258967641292,0,0,0,0,0,0,0,0,0
14757395258967641292,0,0,0,0,0,0,0,0,0
14757395258967641292,-5,4,-2,-5,-5,2,0,-1,-12
14757395258967641292,0,0,0,0,0,0,0,0,0
14757395258967641292,0,0,0,0,0,0,0,0,0
14757395258967641292,2,1,5,3,4,-3,-1,0,11
14757395258967641292,-1,-5,-5,-3,-4,-4,2,0,-20
14757395258967641292,0,0,0,0,0,0,0,0,0
14757395258967641292,0,0,0,0,0,0,0,0,0
14757395258967641292,1,-4,5,-1,-3,-2,-1,-1,-6
14757395258967641292,-1,-9,1,-5,-5,1,-2,0,-20
14757395258967641292,0,0,0,0,0,0,0,0,0
14757395258967641292,0,0,0,0,0,0,0,0,0
14757395258967641292,0,0,0,0,0,0,0,0,0
14757395258967641292,-2,-1,-4,3,5,1,-4,0,-2
14757395258967641292,0,0,0,0,0,0,0,0,0
14757395258967641292,0,0,0,0,0,0,0,0,0
14757395258967641292,6,11,0,-5,-4,-1,0,-2,5
14757395258967641292,-6,-5,-6,-3,-2,-3,-1,1,-25
14757395258967641292,0,0,0,0,0,0,0,0,0
14757395258967641292,0,0,0,0,0,0,0,0,0
14757395258967641292,-7,-12,-4,2,8,3,-1,1,-10
14757395258967641292,-1,6,4,0,-3,-1,-1,-2,2
14757395258967641292,0,0,0,0,0,0,0,0,0
14757395258967641292,0,0,0,0,0,0,0,0,0
14757395258967641292,0,0,0,0,0,0,0,0,0
14757395258967641292,0,-7,-4,1,-1,-3,-3,-3,-20
14757395258967641292,0,0,0,0,0,0,0,0,0
14757395258967641292,0,0,0,0,0,0,0,0,0
14757395258967641292,0,5,-2,-3,-4,0,-2,-2,-8
14757395258967641292,0,0,-1,6,3,1,-1,5,13
14757395258967641292,0,0,0,0,0,0,0,0,0
14757395258967641292,0,0,0,0,0,0,0,0,0
14757395258967641292,0,0,0,0,0,0,0,0,0
14757395258967641292,0,0,0,0,0,0,0,0,0
14757395258967641292,1,-2,0,-5,-5,-1,2,-2,-12
14757395258967641292,0,0,0,0,0,0,0,0,0
14757395258967641292,0,0,0,0,0,0,0,0,0
14757395258967641292,-2,-2,1,-4,-8,-8,-2,-5,-30
14757395258967641292,0,0,0,0,0,0,0,0,0
14757395258967641292,0,0,0,0,0,0,0,0,0
14757395258967641292,-1,-8,-5,1,6,3,1,0,-3
14757395258967641292,-2,-7,-4,-7,-6,1,-3,-5,-33
14757395258967641292,0,0,0,0,0,0,0,0,0
14757395258967641292,0,0,0,0,0,0,0,0,0
14757395258967641292,0,7,3,2,-4,-1,-3,0,4
14757395258967641292,-4,-15,-7,4,7,2,1,3,-9
14757395258967641292,0,0,0,0,0,0,0,0,0
14757395258967641292,0,0,0,0,0,0,0,0,0
14757395258967641292,0,0,0,0,0,0,0,0,0
14757395258967641292,1,10,4,0,-4,-4,-3,-3,1
14757395258967641292,0,0,0,0,0,0,0,0,0
14757395258967641292,0,0,0,0,0,0,0,0,0
14757395258967641292,-11,-10,1,3,0,1,-2,-4,-22
14757395258967641292,-1,-1,-2,-2,0,-2,0,0,-8
14757395258967641292,0,0,0,0,0,0,0,0,0
14757395258967641292,0,0,0,0,0,0,0,0,0
14757395258967641292,4,8,0,2,2,0,1,3,20
14757395258967641292,-1,8,4,-2,1,0,-3,2,9
14757395258967641292,0,0,0,0,0,0,0,0,0
14757395258967641292,0,0,0,0,0,0,0,0,0
14757395258967641292,0,0,0,0,0,0,0,0,0
14757395258967641292,1,-7,-2,0,-1,2,-2,-6,-15
14757395258967641292,0,0,0,0,0,0,0,0,0
14757395258967641292,0,0,0,0,0,0,0,0,0
14757395258967641292,0,-2,2,3,1,1,2,7,14
14757395258967641292,-9,-22,-5,-1,-1,1,-1,-3,-41
14757395258967641292,0,0,0,0,0,0,0,0,0
14757395258967641292,0,0,0,0,0,0,0,0,0
14757395258967641292,0,5,-1,-4,1,0,3,-3,1
14757395258967641292,0,0,0,0,0,0,0,0,0
14757395258967641292,0,0,0,0,0,0,0,0,0
14757395258967641292,0,0,0,0,0,0,0,0,0
14757395258967641292,0,0,0,0,0,0,0,0,0
14757395258967641292,0,1,-4,3,-3,-2,-1,2,-4
14757395258967641292,0,0,0,0,0,0,0,0,0
14757395258967641292,-3,-4,6,-2,-11,-4,-4,-4,-26
14757395258967641292,0,0,0,0,0,0,0,0,0
14757395258967641292,-4,-3,2,-1,14,3,0,0,11
14757395258967641292,0,0,0,0,0,0,0,0,0
14757395258967641292,0,0,0,0,0,0,0,0,0
14757395258967641292,2,0,-3,-1,-1,-2,-1,0,-6
14757395258967641292,0,0,0,0,0,0,0,0,0
14757395258967641292,0,0,0,0,0,0,0,0,0
14757395258967641292,0,0,0,0,0,0,0,0,0
14757395258967641292,0,0,0,0,0,0,0,0,0
14757395258967641292,0,9,-1,-1,-8,-3,-2,-4,-10
14757395258967641292,0,0,0,0,0,0,0,0,0
14757395258967641292,-6,-12,-5,-5,-2,-3,-3,-4,-40
14757395258967641292,0,0,0,0,0,0,0,0,0
14757395258967641292,1,0,0,0,-6,-2,0,0,-7
14757395258967641292,0,0,0,0,0,0,0,0,0
14757395258967641292,0,0,0,0,0,0,0,0,0
14757395258967641292,0,3,4,-1,1,-2,-5,1,1
14757395258967641292,0,0,0,0,0,0,0,0,0
14757395258967641292,0,0,0,0,0,0,0,0,0
14757395258967641292,0,0,0,0,0,0,0,0,0
14757395258967641292,0,0,0,0,0,0,0,0,0
14757395258967641292,1,4,-3,1,-4,-4,1,-5,-9
14757395258967641292,0,0,0,0,0,0,0,0,0
14757395258967641292,-2,7,-3,-6,-8,-2,-2,-2,-18
14757395258967641292,0,0,0,0,0,0,0,0,0
14757395258967641292,0,5,5,9,6,4,4,1,34
14757395258967641292,0,0,0,0,0,0,0,0,0
14757395258967641292,0,0,0,0,0,0,0,0,0
14757395258967641292,-7,-25,-3,-4,-3,-1,1,3,-39
14757395258967641292,0,0,0,0,0,0,0,0,0
14757395258967641292,0,0,0,0,0,0,0,0,0
14757395258967641292,0,0,0,0,0,0,0,0,0
14757395258967641292,0,0,0,0,0,0,0,0,0
14757395258967641292,0,9,1,-6,-8,-4,0,-1,-9
14757395258967641292,0,0,0,0,0,0,0,0,0
14757395258967641292,0,0,0,0,0,0,0,0,0
14757395258967641292,0,-3,2,-1,-5,-2,-2,-3,-14
14757395258967641292,-2,1,-4,0,2,3,-2,-3,-5
14757395258967641292,0,0,0,0,0,0,0,0,0
14757395258967641292,0,0,0,0,0,0,0,0,0
14757395258967641292,-6,-7,-8,-5,0,-1,-4,-4,-35
14757395258967641292,4,0,2,2,1,1,-1,3,12
14757395258967641292,0,0,0,0,0,0,0,0,0
14757395258967641292,0,0,0,0,0,0,0,0,0
14757395258967641292,0,0,0,0,0,0,0,0,0
14757395258967641292,0,0,0,0,0,0,0,0,0
14757395258967641292,-2,-6,-4,-2,-4,-1,0,1,-18
14757395258967641292,2,5,-3,-11,-8,-2,-1,-2,-20
14757395258967641292,0,0,0,0,0,0,0,0,0
14757395258967641292,2,12,2,5,6,0,1,0,28
14757395258967641292,-4,-6,0,-2,-5,-5,-2,-4,-28
14757395258967641292,0,0,0,0,0,0,0,0,0
14757395258967641292,4,2,0,1,-2,-2,1,-1,3
14757395258967641292,-5,-2,1,11,13,6,2,0,26
14757395258967641292,0,0,0,0,0,0,0,0,0
14757395258967641292,0,0,0,0,0,0,0,0,0
14757395258967641292,0,0,0,0,0,0,0,0,0
14757395258967641292,-1,-3,-4,-5,-1,-2,-3,1,-18
14757395258967641292,0,0,0,0,0,0,0,0,0
14757395258967641292,-2,-2,-1,2,2,2,2,-4,-1
14757395258967641292,0,0,0,0,0,0,0,0,0
14757395258967641292,-2,-1,-8,-5,-5,-6,-1,-2,-30
14757395258967641292,0,0,0,0,0,0,0,0,0
14757395258967641292,0,0,0,0,0,0,0,0,0
14757395258967641292,2,0,1,-7,-7,-3,-3,-1,-18
14757395258967641292,-2,-11,3,-1,7,1,-1,-2,-6
14757395258967641292,0,0,0,0,0,0,0,0,0
14757395258967641292,0,0,0,0,0,0,0,0,0
14757395258967641292,0,0,0,0,0,0,0,0,0
14757395258967641292,1,8,0,2,-6,-1,-1,1,4
14757395258967641292,0,0,0,0,0,0,0,0,0
14757395258967641292,-6,-2,0,-4,1,-1,-2,-1,-15
14757395258967641292,0,0,0,0,0,0,0,0,0
14757395258967641292,3,4,4,6,5,1,1,-3,21
14757395258967641292,0,0,0,0,0,0,0,0,0
14757395258967641292,0,0,0,0,0,0,0,0,0
14757395258967641292,2,1,1,-2,3,2,0,-1,6
14757395258967641292,4,6,-2,-8,-6,-2,0,1,-7
14757395258967641292,0,0,0,0,0,0,0,0,0
14757395258967641292,0,0,0,0,0,0,0,0,0
14757395258967641292,0,0,0,0,0,0,0,0,0
14757395258967641292,-7,-9,-6,-1,-4,1,-5,-3,-34
14757395258967641292,0,0,0,0,0,0,0,0,0
14757395258967641292,0,0,0,0,0,0,0,0,0
14757395258967641292,0,0,0,0,0,0,0,0,0
14757395258967641292,-4,-3,-2,-7,-2,-1,0,-3,-22
14757395258967641292,0,-1,2,1,-2,-2,0,2,0
14757395258967641292,0,0,0,0,0,0,0,0,0
14757395258967641292,-5,-8,-5,4,2,-3,-3,-3,-21
14757395258967641292,1,-3,-5,-3,-3,-2,1,-2,-16
14757395258967641292,0,0,0,0,0,0,0,0,0
14757395258967641292,0,0,0,0,0,0,0,0,0
14757395258967641292,0,0,0,0,0,0,0,0,0
14757395258967641292,-5,-4,2,0,-1,1,1,-2,-8
14757395258967641292,0,0,0,0,0,0,0,0,0
14757395258967641292,0,0,0,0,0,0,0,0,0
14757395258967641292,0,0,0,0,0,0,0,0,0
14757395258967641292,6,15,-1,1,0,-1,0,3,23
14757395258967641292,-5,-10,0,1,1,-1,-1,0,-15
14757395258967641292,0,0,0,0,0,0,0,0,0
14757395258967641292,0,-13,-3,-2,-1,0,-3,-1,-23
14757395258967641292,0,0,0,0,0,0,0,0,0
14757395258967641292,0,0,0,0,0,0,0,0,0
14757395258967641292,0,0,0,0,0,0,0,0,0
14757395258967641292,0,0,0,0,0,0,0,0,0
14757395258967641292,1,-1,-10,-1,-7,-3,-2,-3,-26
14757395258967641292,0,0,0,0,0,0,0,0,0
14757395258967641292,0,0,0,0,0,0,0,0,0
14757395258967641292,0,0,0,0,0,0,0,0,0
14757395258967641292,-5,-4,2,2,-3,-4,-1,-5,-18
14757395258967641292,-1,7,-3,-2,-2,-3,-3,-4,-11
14757395258967641292,0,0,0,0,0,0,0,0,0
14757395258967641292,-7,-18,-4,-3,-4,-1,0,-1,-38
14757395258967641292,-3,2,4,-1,5,-1,-1,-4,1
14757395258967641292,0,0,0,0,0,0,0,0,0
14757395258967641292,0,0,0,0,0,0,0,0,0
14757395258967641292,0,0,0,0,0,0,0,0,0
14757395258967641292,2,0,-7,4,2,0,-1,3,3
14757395258967641292,0,0,0,0,0,0,0,0,0
14757395258967641292,0,0,0,0,0,0,0,0,0
14757395258967641292,0,0,0,0,0,0,0,0,0
14757395258967641292,1,-4,-1,-2,-2,-3,2,1,-8
14757395258967641292,0,0,0,0,0,0,0,0,0
14757395258967641292,0,0,0,0,0,0,0,0,0
14757395258967641292,-4,-7,-6,-1,-3,-1,-2,-2,-26
14757395258967641292,2,7,2,-3,-4,-1,-2,-2,-1
14757395258967641292,0,0,0,0,0,0,0,0,0
14757395258967641292,0,0,0,0,0,0,0,0,0
14757395258967641292,0,0,0,0,0,0,0,0,0
14757395258967641292,-2,3,-5,-9,-7,-2,-1,-2,-25
14757395258967641292,0,0,0,0,0,0,0,0,0
14757395258967641292,0,0,0,0,0,0,0,0,0
14757395258967641292,0,0,0,0,0,0,0,0,0
14757395258967641292,1,-1,1,5,3,-1,0,2,10
14757395258967641292,0,0,0,0,0,0,0,0,0
14757395258967641292,0,0,0,0,0,0,0,0,0
14757395258967641292,-1,1,-7,-9,-10,-6,-3,-2,-37
14757395258967641292,-1,0,5,-3,0,1,-3,-2,-3
14757395258967641292,0,0,0,0,0,0,0,0,0
14757395258967641292,0,0,0,0,0,0,0,0,0
14757395258967641292,0,0,0,0,0,0,0,0,0
14757395258967641292,-1,2,2,-1,3,-1,-1,-1,2
14757395258967641292,0,0,0,0,0,0,0,0,0
14757395258967641292,0,0,0,0,0,0,0,0,0
14757395258967641292,0,0,0,0,0,0,0,0,0
14757395258967641292,1,-7,-4,1,0,0,1,1,-7
14757395258967641292,0,0,0,0,0,0,0,0,0
14757395258967641292,0,0,0,0,0,0,0,0,0
14757395258967641292,5,10,-1,0,-3,-4,-1,-2,4
14757395258967641292,0,0,0,0,0,0,0,0,0
14757395258967641292,-4,7,4,-1,-14,0,-2,-3,-13
14757395258967641292,0,0,0,0,0,0,0,0,0
14757395258967641292,0,0,0,0,0,0,0,0,0
14757395258967641292,0,-4,-2,1,13,1,0,-1,8
14757395258967641292,0,0,0,0,0,0,0,0,0
14757395258967641292,0,0,0,0,0,0,0,0,0
14757395258967641292,0,0,0,0,0,0,0,0,0
14757395258967641292,1,8,4,3,0,2,2,1,21
14757395258967641292,0,7,-3,-4,-7,-2,-2,-1,-12
14757395258967641292,0,0,0,0,0,0,0,0,0
14757395258967641292,-5,-10,-2,-5,-4,-2,-3,1,-30
14757395258967641292,0,0,0,0,0,0,0,0,0
14757395258967641292,1,5,2,1,-5,-6,-1,0,-3
14757395258967641292,0,0,0,0,0,0,0,0,0
14757395258967641292,0,0,0,0,0,0,0,0,0
14757395258967641292,-1,0,-3,-1,3,0,0,-4,-6
14757395258967641292,0,0,0,0,0,0,0,0,0
14757395258967641292,0,0,0,0,0,0,0,0,0
14757395258967641292,0,0,0,0,0,0,0,0,0
14757395258967641292,-1,-2,-3,0,-7,-2,1,-1,-15
14757395258967641292,-2,-6,-1,-1,1,-3,-3,-4,-19
14757395258967641292,0,0,0,0,0,0,0,0,0
14757395258967641292,0,-7,-1,-5,-1,-2,-2,-4,-22
14757395258967641292,0,0,0,0,0,0,0,0,0
14757395258967641292,-3,4,3,1,0,0,3,1,9
14757395258967641292,0,0,0,0,0,0,0,0,0
14757395258967641292,0,0,0,0,0,0,0,0,0
14757395258967641292,2,-6,3,3,8,4,1,2,17
14757395258967641292,0,0,0,0,0,0,0,0,0
14757395258967641292,0,0,0,0,0,0,0,0,0
14757395258967641292,0,0,0,0,0,0,0,0,0
14757395258967641292,-1,-4,-2,1,-5,0,-2,0,-13
14757395258967641292,-5,0,-1,0,1,-1,1,-3,-8
14757395258967641292,0,0,0,0,0,0,0,0,0
14757395258967641292,-1,-6,1,3,4,0,5,-2,4
14757395258967641292,0,0,0,0,0,0,0,0,0
14757395258967641292,1,-6,-9,-8,-9,-3,-3,1,-36
14757395258967641292,0,0,0,0,0,0,0,0,0
14757395258967641292,0,0,0,0,0,0,0,0,0
14757395258967641292,-3,-3,-1,4,3,5,0,-3,2
14757395258967641292,0,0,0,0,0,0,0,0,0
14757395258967641292,0,0,0,0,0,0,0,0,0
14757395258967641292,0,0,0,0,0,0,0,0,0
14757395258967641292,-9,-2,3,-3,0,1,-3,-4,-17
14757395258967641292,-1,-4,-4,-6,-5,-4,-6,3,-27
14757395258967641292,0,0,0,0,0,0,0,0,0
14757395258967641292,2,1,0,-3,3,-1,-3,1,0
14757395258967641292,0,0,0,0,0,0,0,0,0
14757395258967641292,-4,-5,1,1,1,-3,1,0,-8
14757395258967641292,0,0,0,0,0,0,0,0,0
14757395258967641292,0,0,0,0,0,0,0,0,0
14757395258967641292,1,0,-5,-2,-3,0,0,-4,-13
14757395258967641292,0,0,0,0,0,0,0,0,0
14757395258967641292,0,0,0,0,0,0,0,0,0
14757395258967641292,0,0,0,0,0,0,0,0,0
14757395258967641292,1,0,-1,-3,-4,-1,-1,-5,-14
14757395258967641292,-7,-5,-1,-3,-1,-2,-3,-1,-23
14757395258967641292,0,0,0,0,0,0,0,0,0
14757395258967641292,-1,-4,-1,0,4,-3,-6,3,-8
14757395258967641292,0,0,0,0,0,0,0,0,0
14757395258967641292,4,5,5,2,-4,-1,-1,4,14
14757395258967641292,0,0,0,0,0,0,0,0,0
14757395258967641292,0,0,0,0,0,0,0,0,0
14757395258967641292,-2,4,0,-5,1,2,3,-6,-3
14757395258967641292,0,0,0,0,0,0,0,0,0
14757395258967641292,0,0,0,0,0,0,0,0,0
14757395258967641292,0,0,0,0,0,0,0,0,0
14757395258967641292,0,-10,-6,-4,-4,-4,-4,0,-32
14757395258967641292,0,0,0,0,0,0,0,0,0
14757395258967641292,0,0,0,0,0,0,0,0,0
14757395258967641292,0,-1,-1,-2,-2,-2,3,-2,-7
14757395258967641292,0,0,0,0,0,0,0,0,0
14757395258967641292,-1,-5,-4,-2,-2,-3,3,3,-11
14757395258967641292,0,0,0,0,0,0,0,0,0
14757395258967641292,0,0,0,0,0,0,0,0,0
14757395258967641292,0,18,7,4,4,2,-2,-2,31
14757395258967641292,0,0,0,0,0,0,0,0,0
14757395258967641292,0,0,0,0,0,0,0,0,0
14757395258967641292,0,0,0,0,0,0,0,0,0
14757395258967641292,0,-6,-5,-2,-1,-2,-3,-2,-21
14757395258967641292,5,7,-2,-2,-5,-4,-3,-2,-6
14757395258967641292,0,0,0,0,0,0,0,0,0
14757395258967641292,-3,-4,2,-4,-1,-1,-2,-2,-15
14757395258967641292,0,0,0,0,0,0,0,0,0
14757395258967641292,-1,-9,-3,-4,2,-3,3,-2,-17
14757395258967641292,0,0,0,0,0,0,0,0,0
14757395258967641292,0,0,0,0,0,0,0,0,0
14757395258967641292,-1,0,3,2,4,3,1,1,13
14757395258967641292,0,0,0,0,0,0,0,0,0
14757395258967641292,0,0,0,0,0,0,0,0,0
14757395258967641292,0,0,0,0,0,0,0,0,0
14757395258967641292,1,8,2,-5,-2,-1,-2,-1,0
14757395258967641292,-3,-15,-1,-3,-4,0,-1,-1,-28
14757395258967641292,0,0,0,0,0,0,0,0,0
14757395258967641292,-5,-9,-7,-4,5,1,1,-3,-21
14757395258967641292,0,0,0,0,0,0,0,0,0
14757395258967641292,-1,0,-1,4,3,-3,-5,-5,-8
14757395258967641292,0,0,0,0,0,0,0,0,0
14757395258967641292,0,0,0,0,0,0,0,0,0
14757395258967641292,0,-6,0,-4,-5,-1,-2,-2,-20
14757395258967641292,0,0,0,0,0,0,0,0,0
14757395258967641292,0,0,0,0,0,0,0,0,0
14757395258967641292,0,0,0,0,0,0,0,0,0
14757395258967641292,-2,-8,0,-2,-1,-1,-2,1,-15
14757395258967641292,-7,-9,-7,2,-1,-1,-1,-2,-26
14757395258967641292,0,0,0,0,0,0,0,0,0
14757395258967641292,0,5,1,-3,-10,-2,-2,1,-10
14757395258967641292,0,0,0,0,0,0,0,0,0
14757395258967641292,7,4,4,5,15,1,0,2,38
14757395258967641292,0,0,0,0,0,0,0,0,0
14757395258967641292,0,0,0,0,0,0,0,0,0
14757395258967641292,-3,0,-2,-3,-6,0,-3,-4,-21
14757395258967641292,0,0,0,0,0,0,0,0,0
14757395258967641292,0,0,0,0,0,0,0,0,0
14757395258967641292,0,0,0,0,0,0,0,0,0
14757395258967641292,2,-3,1,-1,1,1,0,0,1
14757395258967641292,-2,0,-2,-2,-5,-3,1,-1,-14
14757395258967641292,0,0,0,0,0,0,0,0,0
14757395258967641292,0,0,0,0,0,0,0,0,0
14757395258967641292,0,0,0,0,0,0,0,0,0
14757395258967641292,4,7,-2,0,0,2,0,-1,10
14757395258967641292,0,0,0,0,0,0,0,0,0
14757395258967641292,0,0,0,0,0,0,0,0,0
14757395258967641292,-3,1,0,-3,-5,-2,-3,2,-13
14757395258967641292,0,0,0,0,0,0,0,0,0
14757395258967641292,0,0,0,0,0,0,0,0,0
14757395258967641292,0,0,0,0,0,0,0,0,0
14757395258967641292,-2,-3,3,-1,-3,-1,0,-2,-9
14757395258967641292,-3,-6,-3,-2,-1,0,-1,-1,-17
14757395258967641292,0,0,0,0,0,0,0,0,0
14757395258967641292,0,0,0,0,0,0,0,0,0
14757395258967641292,0,0,0,0,0,0,0,0,0
14757395258967641292,1,11,3,-1,-6,-3,-1,-2,2
14757395258967641292,0,0,0,0,0,0,0,0,0
14757395258967641292,0,0,0,0,0,0,0,0,0
14757395258967641292,-5,-10,-5,-4,-1,-4,-4,1,-32
14757395258967641292,0,0,0,0,0,0,0,0,0
14757395258967641292,0,0,0,0,0,0,0,0,0
14757395258967641292,0,0,0,0,0,0,0,0,0
14757395258967641292,4,5,-1,-5,3,1,5,-1,11
14757395258967641292,3,2,-1,-2,0,3,-1,-4,0
14757395258967641292,0,0,0,0,0,0,0,0,0
14757395258967641292,0,0,0,0,0,0,0,0,0
14757395258967641292,0,0,0,0,0,0,0,0,0
14757395258967641292,-1,3,0,3,1,-1,0,1,6
14757395258967641292,0,0,0,0,0,0,0,0,0
14757395258967641292,0,0,0,0,0,0,0,0,0
14757395258967641292,-2,2,-1,-1,-6,-4,-1,-3,-16
14757395258967641292,0,0,0,0,0,0,0,0,0
14757395258967641292,0,0,0,0,0,0,0,0,0
14757395258967641292,0,0,0,0,0,0,0,0,0
14757395258967641292,1,2,3,-1,-1,0,-3,1,2
14757395258967641292,-2,-5,1,2,1,-4,-3,-2,-12
14757395258967641292,0,0,0,0,0,0,0,0,0
14757395258967641292,0,0,0,0,0,0,0,0,0
14757395258967641292,0,0,0,0,0,0,0,0,0
14757395258967641292,-2,1,-1,-5,-2,0,-3,0,-12
14757395258967641292,0,0,0,0,0,0,0,0,0
14757395258967641292,0,0,0,0,0,0,0,0,0
14757395258967641292,-2,-5,0,1,2,2,0,1,-1
14757395258967641292,0,1,-1,1,1,-1,1,-1,1
14757395258967641292,0,0,0,0,0,0,0,0,0
14757395258967641292,0,0,0,0,0,0,0,0,0
14757395258967641292,-1,-8,-5,-5,-7,-2,1,-2,-29
14757395258967641292,1,3,-1,2,3,2,-1,-1,8
14757395258967641292,0,0,0,0,0,0,0,0,0
14757395258967641292,0,0,0,0,0,0,0,0,0
14757395258967641292,0,0,0,0,0,0,0,0,0
14757395258967641292,1,-3,-1,-3,-4,-4,-3,1,-16
14757395258967641292,0,0,0,0,0,0,0,0,0
14757395258967641292,0,0,0,0,0,0,0,0,0
14757395258967641292,3,0,5,3,-7,-2,-1,0,1
14757395258967641292,-2,0,0,-2,-2,-1,3,0,-4
14757395258967641292,0,0,0,0,0,0,0,0,0
14757395258967641292,0,0,0,0,0,0,0,0,0
14757395258967641292,-2,-12,-2,-6,-2,-2,-2,-1,-29
14757395258967641292,-3,-15,-5,2,2,1,-1,1,-18
14757395258967641292,0,0,0,0,0,0,0,0,0
14757395258967641292,0,0,0,0,0,0,0,0,0
14757395258967641292,0,0,0,0,0,0,0,0,0
14757395258967641292,-3,2,-3,-7,-6,-2,-2,-2,-23
14757395258967641292,0,0,0,0,0,0,0,0,0
14757395258967641292,0,0,0,0,0,0,0,0,0
14757395258967641292,-1,0,-5,-5,-5,-3,-1,2,-18
14757395258967641292,2,3,-1,1,-5,1,0,-4,-3
14757395258967641292,0,0,0,0,0,0,0,0,0
14757395258967641292,0,0,0,0,0,0,0,0,0
14757395258967641292,0,0,0,0,0,0,0,0,0
14757395258967641292,0,0,0,0,0,0,0,0,0
14757395258967641292,-3,-9,-4,2,2,-2,-1,-6,-21
14757395258967641292,0,0,0,0,0,0,0,0,0
14757395258967641292,0,0,0,0,0,0,0,0,0
14757395258967641292,1,10,0,4,-1,1,0,2,17
14757395258967641292,0,0,0,0,0,0,0,0,0
14757395258967641292,0,0,0,0,0,0,0,0,0
14757395258967641292,0,0,0,0,0,0,0,0,0
14757395258967641292,2,0,2,4,4,0,-1,0,11
14757395258967641292,-1,-3,1,-2,-6,1,0,-1,-11
14757395258967641292,0,0,0,0,0,0,0,0,0
14757395258967641292,0,0,0,0,0,0,0,0,0
14757395258967641292,0,0,0,0,0,0,0,0,0
14757395258967641292,2,0,-2,-5,-3,-3,-2,1,-12
14757395258967641292,0,0,0,0,0,0,0,0,0
14757395258967641292,0,0,0,0,0,0,0,0,0
14757395258967641292,0,1,-1,-1,0,2,-2,-2,-3
14757395258967641292,-1,-3,1,-2,-4,-3,1,-1,-12
14757395258967641292,0,0,0,0,0,0,0,0,0
14757395258967641292,0,0,0,0,0,0,0,0,0
14757395258967641292,-4,-3,1,-2,0,1,-1,-2,-10
14757395258967641292,1,9,-3,0,-2,-1,-1,-5,-2
14757395258967641292,0,0,0,0,0,0,0,0,0
14757395258967641292,0,0,0,0,0,0,0,0,0
14757395258967641292,0,0,0,0,0,0,0,0,0
14757395258967641292,-3,-6,-1,-2,1,-2,-3,0,-16
14757395258967641292,0,0,0,0,0,0,0,0,0
14757395258967641292,0,0,0,0,0,0,0,0,0
14757395258967641292,-1,-1,0,-6,-5,-3,-4,-2,-22
14757395258967641292,-3,-14,0,3,5,-1,0,-1,-11
14757395258967641292,0,0,0,0,0,0,0,0,0
14757395258967641292,0,0,0,0,0,0,0,0,0
14757395258967641292,-3,-3,-2,-2,-3,1,-4,0,-16
14757395258967641292,3,11,0,2,-9,1,0,1,9
14757395258967641292,0,0,0,0,0,0,0,0,0
14757395258967641292,0,0,0,0,0,0,0,0,0
14757395258967641292,0,0,0,0,0,0,0,0,0
14757395258967641292,-2,2,-1,-2,2,-2,2,-1,-2
14757395258967641292,0,0,0,0,0,0,0,0,0
14757395258967641292,0,0,0,0,0,0,0,0,0
14757395258967641292,3,4,6,2,-4,-2,-1,-2,6
14757395258967641292,3,6,4,0,1,3,1,1,19
14757395258967641292,0,0,0,0,0,0,0,0,0
14757395258967641292,0,0,0,0,0,0,0,0,0
14757395258967641292,-2,-7,-2,-7,-3,-1,1,-1,-22
14757395258967641292,-2,-2,-3,-5,-7,-6,-2,-3,-30
14757395258967641292,0,0,0,0,0,0,0,0,0
14757395258967641292,0,0,0,0,0,0,0,0,0
14757395258967641292,0,0,0,0,0,0,0,0,0
14757395258967641292,-7,-2,-4,-5,-4,-2,-4,-4,-32
14757395258967641292,0,0,0,0,0,0,0,0,0
14757395258967641292,0,0,0,0,0,0,0,0,0
14757395258967641292,0,-3,-4,-1,-1,-3,2,1,-9
14757395258967641292,-2,-5,-3,-4,1,1,-2,1,-13
14757395258967641292,0,0,0,0,0,0,0,0,0
14757395258967641292,0,0,0,0,0,0,0,0,0
14757395258967641292,-3,2,-2,2,0,0,-2,-5,-8
14757395258967641292,-2,3,0,-3,-3,-5,-3,-4,-17
14757395258967641292,0,0,0,0,0,0,0,0,0
14757395258967641292,0,0,0,0,0,0,0,0,0
14757395258967641292,0,0,0,0,0,0,0,0,0
14757395258967641292,-3,-6,-4,-4,-1,-3,-6,-2,-29
14757395258967641292,0,0,0,0,0,0,0,0,0
14757395258967641292,0,0,0,0,0,0,0,0,0
14757395258967641292,1,11,3,-3,-7,-4,-1,-2,-2
14757395258967641292,0,-12,3,4,2,3,3,2,5
14757395258967641292,0,0,0,0,0,0,0,0,0
14757395258967641292,0,0,0,0,0,0,0,0,0
14757395258967641292,-3,-4,-5,-2,-4,1,-1,3,-15
14757395258967641292,-3,3,0,2,-1,-2,-3,-1,-5
14757395258967641292,0,0,0,0,0,0,0,0,0
14757395258967641292,0,0,0,0,0,0,0,0,0
14757395258967641292,0,0,0,0,0,0,0,0,0
14757395258967641292,0,0,0,0,0,0,0,0,0
14757395258967641292,1,-4,0,-1,0,-2,-2,-1,-9
14757395258967641292,-1,-5,-3,1,-2,-1,5,-4,-10
14757395258967641292,0,1,-2,-2,1,-2,0,-3,-7
14757395258967641292,1,3,4,3,3,0,0,3,17
14757395258967641292,0,0,0,0,0,0,0,0,0
14757395258967641292,0,0,0,0,0,0,0,0,0
14757395258967641292,-1,-6,-6,0,6,4,0,-3,-6
14757395258967641292,-1,-5,-4,-3,-6,-1,-4,4,-20
14757395258967641292,0,0,0,0,0,0,0,0,0
14757395258967641292,0,0,0,0,0,0,0,0,0
14757395258967641292,0,0,0,0,0,0,0,0,0
14757395258967641292,0,-3,-2,-2,-4,-4,-3,-1,-19
14757395258967641292,0,0,0,0,0,0,0,0,0
14757395258967641292,0,0,0,0,0,0,0,0,0
14757395258967641292,-1,-6,-1,2,-1,1,3,-2,-5
14757395258967641292,-1,-1,-4,-2,3,3,2,-4,-4
14757395258967641292,0,0,0,0,0,0,0,0,0
14757395258967641292,0,0,0,0,0,0,0,0,0
14757395258967641292,3,-2,-4,-1,-2,-1,-3,1,-9
14757395258967641292,-3,-3,3,1,2,0,1,-2,-1
14757395258967641292,0,0,0,0,0,0,0,0,0
14757395258967641292,0,0,0,0,0,0,0,0,0
14757395258967641292,0,0,0,0,0,0,0,0,0
14757395258967641292,1,3,-7,1,1,-1,0,-4,-6
14757395258967641292,0,0,0,0,0,0,0,0,0
14757395258967641292,0,0,0,0,0,0,0,0,0
14757395258967641292,-2,-12,-3,-2,-7,-5,-5,1,-35
14757395258967641292,1,0,4,10,12,7,2,2,38
14757395258967641292,0,0,0,0,0,0,0,0,0
14757395258967641292,0,0,0,0,0,0,0,0,0
14757395258967641292,2,0,-3,-3,-4,-2,-4,-1,-15
14757395258967641292,-1,3,-2,-3,-4,-2,-2,-2,-13
14757395258967641292,0,0,0,0,0,0,0,0,0
14757395258967641292,0,0,0,0,0,0,0,0,0
14757395258967641292,0,0,0,0,0,0,0,0,0
14757395258967641292,1,13,0,-4,-2,-2,-2,3,7
14757395258967641292,0,0,0,0,0,0,0,0,0
14757395258967641292,0,0,0,0,0,0,0,0,0
14757395258967641292,-2,4,7,5,8,1,0,-2,21
14757395258967641292,-6,-12,-7,-6,-14,-3,-2,-3,-53
14757395258967641292,0,0,0,0,0,0,0,0,0
14757395258967641292,0,0,0,0,0,0,0,0,0
14757395258967641292,0,-2,-2,-3,6,-1,2,-5,-5
14757395258967641292,3,5,0,-6,1,-4,-2,-2,-5
14757395258967641292,0,0,0,0,0,0,0,0,0
14757395258967641292,0,0,0,0,0,0,0,0,0
14757395258967641292,0,0,0,0,0,0,0,0,0
14757395258967641292,-3,0,-2,-3,-6,-2,-1,3,-14
14757395258967641292,0,0,0,0,0,0,0,0,0
14757395258967641292,0,0,0,0,0,0,0,0,0
14757395258967641292,0,-3,-3,-2,-4,1,0,-2,-13
14757395258967641292,2,4,0,-2,1,-1,1,-1,4
14757395258967641292,0,0,0,0,0,0,0,0,0
14757395258967641292,0,0,0,0,0,0,0,0,0
14757395258967641292,2,5,-5,-5,-7,-4,-1,1,-14
14757395258967641292,0,-1,2,6,3,1,1,-1,11
14757395258967641292,0,0,0,0,0,0,0,0,0
14757395258967641292,0,0,0,0,0,0,0,0,0
14757395258967641292,0,0,0,0,0,0,0,0,0
14757395258967641292,0,1,0,-3,3,2,-1,-2,0
14757395258967641292,0,0,0,0,0,0,0,0,0
14757395258967641292,0,0,0,0,0,0,0,0,0
14757395258967641292,-1,-7,-1,1,1,1,-3,1,-8
14757395258967641292,1,4,1,0,-3,-1,-3,-1,-2
14757395258967641292,0,0,0,0,0,0,0,0,0
14757395258967641292,0,0,0,0,0,0,0,0,0
14757395258967641292,-1,0,-5,0,1,-2,1,-1,-7
14757395258967641292,-10,-17,0,-1,-1,-2,0,-2,-33
14757395258967641292,0,0,0,0,0,0,0,0,0
14757395258967641292,0,0,0,0,0,0,0,0,0
14757395258967641292,0,0,0,0,0,0,0,0,0
14757395258967641292,0,7,3,-3,-2,-2,-2,-1,0
14757395258967641292,0,0,0,0,0,0,0,0,0
14757395258967641292,0,0,0,0,0,0,0,0,0
14757395258967641292,3,4,-3,3,-2,-2,-1,-1,1
14757395258967641292,1,-13,-3,-4,-2,-3,0,0,-24
14757395258967641292,0,0,0,0,0,0,0,0,0
14757395258967641292,0,0,0,0,0,0,0,0,0
14757395258967641292,-2,-10,-3,-3,-1,-2,1,-2,-22
14757395258967641292,0,-1,-5,-2,-4,-4,-2,-5,-23
14757395258967641292,0,0,0,0,0,0,0,0,0
14757395258967641292,0,0,0,0,0,0,0,0,0
14757395258967641292,0,0,0,0,0,0,0,0,0
14757395258967641292,0,2,0,-1,0,-2,-1,2,0
14757395258967641292,0,0,0,0,0,0,0,0,0
14757395258967641292,0,0,0,0,0,0,0,0,0
14757395258967641292,-2,7,0,-4,-13,-1,-3,0,-16
14757395258967641292,1,3,2,5,7,1,1,0,20
14757395258967641292,0,0,0,0,0,0,0,0,0
14757395258967641292,0,0,0,0,0,0,0,0,0
14757395258967641292,-4,-8,-1,-3,5,-3,-1,-3,-18
14757395258967641292,3,7,-3,4,2,2,0,0,15
14757395258967641292,0,0,0,0,0,0,0,0,0
14757395258967641292,0,0,0,0,0,0,0,0,0
14757395258967641292,0,0,0,0,0,0,0,0,0
14757395258967641292,-1,-2,-2,-8,-10,-5,-2,-3,-33
14757395258967641292,0,0,0,0,0,0,0,0,0
14757395258967641292,0,0,0,0,0,0,0,0,0
14757395258967641292,-1,-8,-2,4,8,3,-3,0,1
14757395258967641292,1,-2,-1,-1,-4,-2,-1,3,-7
14757395258967641292,0,0,0,0,0,0,0,0,0
14757395258967641292,0,0,0,0,0,0,0,0,0
14757395258967641292,1,4,-1,-1,-2,-2,-3,-4,-8
14757395258967641292,-6,-12,-1,-7,-2,-1,-3,0,-32
14757395258967641292,0,0,0,0,0,0,0,0,0
14757395258967641292,0,0,0,0,0,0,0,0,0
14757395258967641292,0,0,0,0,0,0,0,0,0
14757395258967641292,-3,-5,-7,-4,-7,-3,-1,-2,-32
14757395258967641292,0,0,0,0,0,0,0,0,0
14757395258967641292,0,0,0,0,0,0,0,0,0
14757395258967641292,0,0,0,0,0,0,0,0,0
14757395258967641292,-1,-6,-4,1,2,-1,-2,0,-11
14757395258967641292,2,4,2,-1,-4,-3,-2,-2,-4
14757395258967641292,0,0,0,0,0,0,0,0,0
14757395258967641292,-1,1,-1,2,2,-1,-1,-1,0
14757395258967641292,-1,3,1,1,3,1,-2,1,7
14757395258967641292,0,0,0,0,0,0,0,0,0
14757395258967641292,0,0,0,0,0,0,0,0,0
14757395258967641292,0,0,0,0,0,0,0,0,0
14757395258967641292,-2,-2,-2,-1,2,0,0,-2,-7
14757395258967641292,0,0,0,0,0,0,0,0,0
14757395258967641292,0,0,0,0,0,0,0,0,0
14757395258967641292,0,0,0,0,0,0,0,0,0
14757395258967641292,-3,-2,-3,-5,-6,-3,-1,-6,-29
14757395258967641292,1,-2,0,3,1,1,-1,-2,1
14757395258967641292,0,0,0,0,0,0,0,0,0
14757395258967641292,-3,-1,-3,-5,-5,-3,0,1,-19
14757395258967641292,-2,0,-1,1,0,-2,-1,-4,-9
14757395258967641292,0,0,0,0,0,0,0,0,0
14757395258967641292,0,0,0,0,0,0,0,0,0
14757395258967641292,0,0,0,0,0,0,0,0,0
14757395258967641292,0,1,0,-2,-1,-1,-1,0,-4
14757395258967641292,0,0,0,0,0,0,0,0,0
14757395258967641292,0,0,0,0,0,0,0,0,0
14757395258967641292,0,0,0,0,0,0,0,0,0
14757395258967641292,-2,-1,-5,-3,1,3,-2,0,-9
14757395258967641292,-1,-4,0,-3,-3,-3,-1,-1,-16
14757395258967641292,0,0,0,0,0,0,0,0,0
14757395258967641292,0,2,3,-2,0,0,-3,2,2
14757395258967641292,0,0,0,0,0,0,0,0,0
14757395258967641292,2,3,4,3,1,-2,0,-2,9
14757395258967641292,0,0,0,0,0,0,0,0,0
14757395258967641292,0,0,0,0,0,0,0,0,0
14757395258967641292,2,3,-2,-2,0,1,3,-3,2
14757395258967641292,0,0,0,0,0,0,0,0,0
14757395258967641292,0,0,0,0,0,0,0,0,0
14757395258967641292,0,0,0,0,0,0,0,0,0
14757395258967641292,1,-4,-1,0,-1,-2,1,-3,-9
14757395258967641292,-3,-3,-2,-1,-2,-2,-4,1,-16
14757395258967641292,0,0,0,0,0,0,0,0,0
14757395258967641292,0,3,0,-2,0,3,2,-3,3
14757395258967641292,0,0,0,0,0,0,0,0,0
14757395258967641292,-1,4,2,1,-1,3,-1,-1,6
14757395258967641292,0,0,0,0,0,0,0,0,0
14757395258967641292,0,0,0,0,0,0,0,0,0
14757395258967641292,-2,-2,0,4,4,0,0,1,5
14757395258967641292,0,0,0,0,0,0,0,0,0
14757395258967641292,0,0,0,0,0,0,0,0,0
14757395258967641292,0,0,0,0,0,0,0,0,0
14757395258967641292,-2,-1,-1,3,-1,-1,3,-1,-1
14757395258967641292,2,-2,-5,-5,-2,-1,-1,-2,-16
14757395258967641292,0,0,0,0,0,0,0,0,0
14757395258967641292,0,0,0,0,0,0,0,0,0
14757395258967641292,0,0,0,0,0,0,0,0,0
14757395258967641292,-1,-5,-3,-2,-3,-3,-1,-5,-23
14757395258967641292,0,0,0,0,0,0,0,0,0
14757395258967641292,0,0,0,0,0,0,0,0,0
14757395258967641292,-3,-1,-1,1,-2,0,0,0,-6
14757395258967641292,0,0,0,0,0,0,0,0,0
14757395258967641292,0,0,0,0,0,0,0,0,0
14757395258967641292,0,0,0,0,0,0,0,0,0
14757395258967641292,-2,-2,3,4,3,-3,-3,0,0
14757395258967641292,-2,-6,-7,-5,-4,-6,0,-2,-32
14757395258967641292,0,0,0,0,0,0,0,0,0
14757395258967641292,-1,5,2,-4,1,1,0,-3,1
14757395258967641292,0,0,0,0,0,0,0,0,0
14757395258967641292,-4,-4,-5,-9,-11,-3,-6,0,-42
14757395258967641292,0,0,0,0,0,0,0,0,0
14757395258967641292,0,0,0,0,0,0,0,0,0
14757395258967641292,-1,-3,1,-2,2,2,-2,1,-2
14757395258967641292,0,0,0,0,0,0,0,0,0
14757395258967641292,0,0,0,0,0,0,0,0,0
14757395258967641292,0,0,0,0,0,0,0,0,0
14757395258967641292,-1,3,-2,-2,-3,-2,0,-1,-8
14757395258967641292,-2,-2,-5,3,-2,-1,-1,-2,-12
14757395258967641292,0,0,0,0,0,0,0,0,0
14757395258967641292,-1,6,6,-2,-9,-1,-1,-2,-4
14757395258967641292,0,0,0,0,0,0,0,0,0
14757395258967641292,-7,-16,-4,-5,1,-1,1,-4,-35
14757395258967641292,0,0,0,0,0,0,0,0,0
14757395258967641292,0,0,0,0,0,0,0,0,0
14757395258967641292,-2,-3,-4,0,5,0,0,4,0
14757395258967641292,0,0,0,0,0,0,0,0,0
14757395258967641292,0,0,0,0,0,0,0,0,0
14757395258967641292,0,0,0,0,0,0,0,0,0
14757395258967641292,-2,-4,-1,-1,1,-1,-2,-3,-13
14757395258967641292,1,9,4,0,2,-1,0,-2,13
14757395258967641292,0,0,0,0,0,0,0,0,0
14757395258967641292,-2,-8,-7,-1,1,4,0,-3,-16
14757395258967641292,0,0,0,0,0,0,0,0,0
14757395258967641292,3,1,2,1,-3,1,-1,1,5
14757395258967641292,0,0,0,0,0,0,0,0,0
14757395258967641292,0,0,0,0,0,0,0,0,0
14757395258967641292,-2,-3,-4,1,3,2,4,11,12
14757395258967641292,0,0,0,0,0,0,0,0,0
14757395258967641292,0,0,0,0,0,0,0,0,0
14757395258967641292,0,0,0,0,0,0,0,0,0
14757395258967641292,2,-1,1,2,-2,-1,3,3,7
14757395258967641292,-3,-3,-3,-1,-3,-1,-4,0,-18
14757395258967641292,0,0,0,0,0,0,0,0,0
14757395258967641292,-8,-4,-5,-5,-8,-5,-1,0,-36
14757395258967641292,0,0,0,0,0,0,0,0,0
14757395258967641292,5,16,6,5,3,3,5,4,47
14757395258967641292,0,0,0,0,0,0,0,0,0
14757395258967641292,0,0,0,0,0,0,0,0,0
14757395258967641292,-3,10,1,-2,-5,-2,-10,-12,-23
14757395258967641292,0,0,0,0,0,0,0,0,0
14757395258967641292,0,0,0,0,0,0,0,0,0
14757395258967641292,0,0,0,0,0,0,0,0,0
14757395258967641292,-4,-11,-10,-6,0,0,2,-5,-34
14757395258967641292,-6,0,-2,-4,-9,-7,-2,-8,-38
14757395258967641292,0,0,0,0,0,0,0,0,0
14757395258967641292,2,15,9,4,0,-3,-2,0,25
14757395258967641292,0,0,0,0,0,0,0,0,0
14757395258967641292,5,5,4,-1,4,1,-2,-3,13
14757395258967641292,0,0,0,0,0,0,0,0,0
14757395258967641292,0,0,0,0,0,0,0,0,0
14757395258967641292,-2,12,5,2,1,3,3,3,27
14757395258967641292,0,0,0,0,0,0,0,0,0
14757395258967641292,0,0,0,0,0,0,0,0,0
14757395258967641292,0,0,0,0,0,0,0,0,0
14757395258967641292,-6,1,8,1,-6,-6,-4,1,-11
14757395258967641292,0,-3,1,-1,-4,-6,-5,-5,-23
14757395258967641292,0,0,0,0,0,0,0,0,0
14757395258967641292,3,-1,-3,-2,1,4,0,-2,0
14757395258967641292,0,0,0,0,0,0,0,0,0
14757395258967641292,-6,-7,2,-2,-1,-4,-4,-3,-25
14757395258967641292,0,0,0,0,0,0,0,0,0
14757395258967641292,0,0,0,0,0,0,0,0,0
14757395258967641292,1,-2,-6,0,3,1,-8,-11,-22
14757395258967641292,4,13,3,1,-5,-4,-4,-7,1
14757395258967641292,0,0,0,0,0,0,0,0,0
14757395258967641292,0,0,0,0,0,0,0,0,0
14757395258967641292,-1,-20,-11,-1,2,2,1,2,-26
14757395258967641292,-4,1,1,-1,-6,-7,1,1,-14
14757395258967641292,0,0,0,0,0,0,0,0,0
14757395258967641292,4,21,3,-1,-5,-4,-2,-2,14
14757395258967641292,0,0,0,0,0,0,0,0,0
14757395258967641292,2,-3,-3,2,3,4,-1,11,15
14757395258967641292,0,0,0,0,0,0,0,0,0
14757395258967641292,0,0,0,0,0,0,0,0,0
14757395258967641292,-3,10,12,-2,-3,-9,0,0,5
14757395258967641292,2,0,5,5,10,8,4,-10,24
14757395258967641292,0,0,0,0,0,0,0,0,0
14757395258967641292,0,0,0,0,0,0,0,0,0
14757395258967641292,-1,7,4,1,-7,-5,0,-1,-2
14757395258967641292,2,-2,-5,-5,-4,0,1,0,-13
14757395258967641292,0,0,0,0,0,0,0,0,0
14757395258967641292,0,-17,-14,-4,1,1,1,3,-29
14757395258967641292,0,0,0,0,0,0,0,0,0
14757395258967641292,0,-13,-10,-1,5,4,0,-3,-18
14757395258967641292,0,0,0,0,0,0,0,0,0
14757395258967641292,0,0,0,0,0,0,0,0,0
14757395258967641292,-1,-3,-4,-2,-2,-1,-2,1,-14
14757395258967641292,0,0,0,0,0,0,0,0,0
14757395258967641292,0,0,0,0,0,0,0,0,0
14757395258967641292,0,0,0,0,0,0,0,0,0
14757395258967641292,0,-8,-10,-1,2,5,5,0,-7
14757395258967641292,-1,2,1,-1,-4,-2,1,2,-2
14757395258967641292,0,0,0,0,0,0,0,0,0
14757395258967641292,-8,-5,-2,-2,-1,-3,2,2,-17
14757395258967641292,0,0,0,0,0,0,0,0,0
14757395258967641292,-4,-9,-12,-6,-4,-4,-2,-1,-42
14757395258967641292,0,0,0,0,0,0,0,0,0
14757395258967641292,0,0,0,0,0,0,0,0,0
14757395258967641292,-7,-2,4,-5,-8,-9,-4,-9,-40
14757395258967641292,0,0,0,0,0,0,0,0,0
14757395258967641292,0,0,0,0,0,0,0,0,0
14757395258967641292,0,0,0,0,0,0,0,0,0
14757395258967641292,0,4,0,0,-4,-3,0,1,-2
14757395258967641292,-4,-9,-5,-1,-2,-5,-5,-1,-32
14757395258967641292,0,0,0,0,0,0,0,0,0
14757395258967641292,4,8,4,5,4,3,0,4,32
14757395258967641292,0,0,0,0,0,0,0,0,0
14757395258967641292,1,11,5,1,0,0,-2,-3,13
14757395258967641292,0,0,0,0,0,0,0,0,0
14757395258967641292,0,0,0,0,0,0,0,0,0
14757395258967641292,-2,-6,-6,-4,2,1,2,2,-11
14757395258967641292,0,0,0,0,0,0,0,0,0
14757395258967641292,0,0,0,0,0,0,0,0,0
14757395258967641292,0,0,0,0,0,0,0,0,0
14757395258967641292,0,-4,-4,-5,-2,-1,-3,-4,-23
14757395258967641292,7,1,6,6,12,10,8,6,56
14757395258967641292,0,0,0,0,0,0,0,0,0
14757395258967641292,0,0,0,0,0,0,0,0,0
14757395258967641292,0,0,0,0,0,0,0,0,0
14757395258967641292,0,-3,-5,1,-3,1,2,1,-6
14757395258967641292,0,0,0,0,0,0,0,0,0
14757395258967641292,0,0,0,0,0,0,0,0,0
14757395258967641292,-1,-5,-2,0,2,2,-3,-1,-8
14757395258967641292,0,0,0,0,0,0,0,0,0
14757395258967641292,0,0,0,0,0,0,0,0,0
14757395258967641292,0,0,0,0,0,0,0,0,0
14757395258967641292,-5,-7,-1,-4,-10,-2,-1,-4,-34
14757395258967641292,-2,1,-1,-4,9,-2,-1,1,1
14757395258967641292,0,0,0,0,0,0,0,0,0
14757395258967641292,0,0,0,0,0,0,0,0,0
14757395258967641292,0,0,0,0,0,0,0,0,0
14757395258967641292,5,0,-2,2,-2,2,2,2,9
14757395258967641292,0,0,0,0,0,0,0,0,0
14757395258967641292,0,0,0,0,0,0,0,0,0
14757395258967641292,-3,-12,-6,-2,-8,-2,-1,-2,-36
14757395258967641292,0,0,0,0,0,0,0,0,0
14757395258967641292,0,0,0,0,0,0,0,0,0
14757395258967641292,0,0,0,0,0,0,0,0,0
14757395258967641292,-5,-10,-7,-5,-8,-2,-1,-3,-41
14757395258967641292,0,-2,2,-1,-2,-4,-6,1,-12
14757395258967641292,0,0,0,0,0,0,0,0,0
14757395258967641292,0,0,0,0,0,0,0,0,0
14757395258967641292,0,0,0,0,0,0,0,0,0
14757395258967641292,-1,-11,-6,0,0,3,2,-1,-14
14757395258967641292,0,0,0,0,0,0,0,0,0
14757395258967641292,0,0,0,0,0,0,0,0,0
14757395258967641292,-2,6,2,3,-1,-2,1,0,7
14757395258967641292,-2,2,5,2,-3,-1,1,2,6
14757395258967641292,0,0,0,0,0,0,0,0,0
14757395258967641292,0,0,0,0,0,0,0,0,0
14757395258967641292,6,-3,-2,2,4,1,3,-1,10
14757395258967641292,-1,13,3,-2,-2,-3,0,2,10
14757395258967641292,0,0,0,0,0,0,0,0,0
14757395258967641292,0,0,0,0,0,0,0,0,0
14757395258967641292,0,0,0,0,0,0,0,0,0
14757395258967641292,4,5,-1,0,-4,-2,-2,-1,-1
14757395258967641292,0,0,0,0,0,0,0,0,0
14757395258967641292,0,0,0,0,0,0,0,0,0
14757395258967641292,1,8,10,1,4,0,-4,1,21
14757395258967641292,2,-3,-1,-4,2,-3,1,-2,-8
14757395258967641292,0,0,0,0,0,0,0,0,0
14757395258967641292,0,0,0,0,0,0,0,0,0
14757395258967641292,-4,-2,-3,-3,-6,-3,1,-1,-21
14757395258967641292,-3,2,-3,-2,-7,0,-3,-5,-21
14757395258967641292,0,0,0,0,0,0,0,0,0
14757395258967641292,0,0,0,0,0,0,0,0,0
14757395258967641292,0,0,0,0,0,0,0,0,0
14757395258967641292,-1,-1,6,-2,-2,-3,-5,-5,-13
14757395258967641292,0,0,0,0,0,0,0,0,0
14757395258967641292,0,0,0,0,0,0,0,0,0
14757395258967641292,0,0,0,0,0,0,0,0,0
14757395258967641292,2,0,0,3,-1,-1,4,4,11
14757395258967641292,-2,-6,-3,-1,-2,0,1,-3,-16
14757395258967641292,0,0,0,0,0,0,0,0,0
14757395258967641292,-1,4,-6,-3,0,0,-4,0,-10
14757395258967641292,-6,-7,-8,-2,1,-1,-3,4,-22
14757395258967641292,0,0,0,0,0,0,0,0,0
14757395258967641292,0,0,0,0,0,0,0,0,0
14757395258967641292,0,0,0,0,0,0,0,0,0
14757395258967641292,0,-3,-2,-2,1,1,5,2,2
14757395258967641292,0,0,0,0,0,0,0,0,0
14757395258967641292,0,0,0,0,0,0,0,0,0
14757395258967641292,-5,-2,3,-3,-1,-3,-3,4,-10
14757395258967641292,-5,-2,2,-1,-3,-4,-4,1,-16
14757395258967641292,0,0,0,0,0,0,0,0,0
14757395258967641292,0,0,0,0,0,0,0,0,0
14757395258967641292,2,2,-5,5,2,2,-3,-3,2
14757395258967641292,0,-6,-3,3,3,2,0,-1,-2
14757395258967641292,0,0,0,0,0,0,0,0,0
14757395258967641292,0,0,0,0,0,0,0,0,0
14757395258967641292,0,0,0,0,0,0,0,0,0
14757395258967641292,2,3,-5,-5,-6,-5,1,5,-10
14757395258967641292,0,0,0,0,0,0,0,0,0
14757395258967641292,0,0,0,0,0,0,0,0,0
14757395258967641292,-1,1,2,-2,-3,2,2,-4,-3
14757395258967641292,-1,-1,2,0,3,-6,-1,-11,-15
14757395258967641292,0,0,0,0,0,0,0,0,0
14757395258967641292,0,0,0,0,0,0,0,0,0
14757395258967641292,-2,-1,-1,-2,0,-3,-2,0,-11
14757395258967641292,1,10,7,-1,-6,-6,-2,-3,0
14757395258967641292,0,0,0,0,0,0,0,0,0
14757395258967641292,0,0,0,0,0,0,0,0,0
14757395258967641292,0,0,0,0,0,0,0,0,0
14757395258967641292,0,5,0,3,2,-1,-5,0,4
14757395258967641292,0,0,0,0,0,0,0,0,0
14757395258967641292,0,0,0,0,0,0,0,0,0
14757395258967641292,1,-5,-6,-3,-1,-2,1,-1,-16
14757395258967641292,0,0,0,0,0,0,0,0,0
14757395258967641292,0,0,0,0,0,0,0,0,0
14757395258967641292,-3,-3,-7,-6,-4,-3,-4,-1,-31
14757395258967641292,-4,-10,1,-5,-5,-3,-2,-3,-31
14757395258967641292,0,0,0,0,0,0,0,0,0
14757395258967641292,-4,-2,2,0,3,2,0,-6,-5
14757395258967641292,0,0,0,0,0,0,0,0,0
14757395258967641292,0,0,0,0,0,0,0,0,0
14757395258967641292,2,-5,-3,-1,1,1,-2,-2,-9
14757395258967641292,0,0,0,0,0,0,0,0,0
14757395258967641292,0,0,0,0,0,0,0,0,0
14757395258967641292,-2,5,-2,-5,0,-1,1,-5,-9
14757395258967641292,3,-2,-2,-1,3,0,0,-2,-1
14757395258967641292,0,0,0,0,0,0,0,0,0
14757395258967641292,0,0,0,0,0,0,0,0,0
14757395258967641292,-3,-3,-4,-5,-4,-3,-13,-10,-45
14757395258967641292,-3,-7,-4,-3,-9,-1,2,-1,-26
14757395258967641292,0,0,0,0,0,0,0,0,0
14757395258967641292,0,0,0,0,0,0,0,0,0
14757395258967641292,0,0,0,0,0,0,0,0,0
14757395258967641292,0,-1,2,-4,-4,-5,-6,1,-17
14757395258967641292,0,0,0,0,0,0,0,0,0
14757395258967641292,0,0,0,0,0,0,0,0,0
14757395258967641292,1,1,2,3,-6,-4,-2,2,-3
14757395258967641292,-1,-4,1,0,10,6,1,-2,11
14757395258967641292,0,0,0,0,0,0,0,0,0
14757395258967641292,0,0,0,0,0,0,0,0,0
14757395258967641292,1,-1,-5,-2,-1,0,-4,-3,-15
14757395258967641292,-1,-2,-1,1,-4,-2,-2,-4,-15
14757395258967641292,0,0,0,0,0,0,0,0,0
14757395258967641292,0,0,0,0,0,0,0,0,0
14757395258967641292,0,0,0,0,0,0,0,0,0
14757395258967641292,0,4,-5,2,1,2,0,5,9
14757395258967641292,0,0,0,0,0,0,0,0,0
14757395258967641292,0,0,0,0,0,0,0,0,0
14757395258967641292,1,-1,-3,0,-1,-2,4,2,0
14757395258967641292,-1,1,2,-3,-2,-1,-3,3,-4
14757395258967641292,0,0,0,0,0,0,0,0,0
14757395258967641292,0,0,0,0,0,0,0,0,0
14757395258967641292,0,0,0,0,0,0,0,0,0
14757395258967641292,-2,0,-2,1,-8,-4,-3,-2,-20
14757395258967641292,0,0,0,0,0,0,0,0,0
14757395258967641292,0,0,0,0,0,0,0,0,0
14757395258967641292,0,0,0,0,0,0,0,0,0
14757395258967641292,-5,0,2,-1,-1,0,3,-3,-5
14757395258967641292,0,0,0,0,0,0,0,0,0
14757395258967641292,0,0,0,0,0,0,0,0,0
14757395258967641292,-3,-3,-2,-3,-1,1,1,-1,-11
14757395258967641292,0,0,0,0,0,0,0,0,0
14757395258967641292,3,-1,-1,-1,-4,-2,1,4,-1
14757395258967641292,0,0,0,0,0,0,0,0,0
14757395258967641292,1,3,-1,4,1,-1,0,-2,5
14757395258967641292,-3,-5,-3,-2,0,-1,-7,-3,-24
14757395258967641292,0,0,0,0,0,0,0,0,0
14757395258967641292,0,0,0,0,0,0,0,0,0
14757395258967641292,0,0,0,0,0,0,0,0,0
14757395258967641292,1,-3,-1,0,7,3,2,-3,6
14757395258967641292,0,0,0,0,0,0,0,0,0
14757395258967641292,0,0,0,0,0,0,0,0,0
14757395258967641292,0,-1,-1,4,-3,-2,-4,-5,-12
14757395258967641292,0,0,0,0,0,0,0,0,0
14757395258967641292,-3,-1,0,-4,-2,-4,0,-2,-16
14757395258967641292,0,0,0,0,0,0,0,0,0
14757395258967641292,-3,2,3,0,1,0,2,1,6
14757395258967641292,0,0,0,0,0,0,0,0,0
14757395258967641292,0,-4,-3,0,-3,1,0,3,-6
14757395258967641292,0,0,0,0,0,0,0,0,0
14757395258967641292,0,0,0,0,0,0,0,0,0
14757395258967641292,-1,-5,-5,-1,2,-2,3,-2,-11
14757395258967641292,0,0,0,0,0,0,0,0,0
14757395258967641292,0,0,0,0,0,0,0,0,0
14757395258967641292,0,-5,-2,-6,-7,-6,-3,1,-28
14757395258967641292,2,1,-1,0,5,0,1,-2,6
14757395258967641292,0,0,0,0,0,0,0,0,0
14757395258967641292,0,0,0,0,0,0,0,0,0
14757395258967641292,-4,4,-4,-3,1,2,-2,-2,-8
14757395258967641292,0,0,0,0,0,0,0,0,0
14757395258967641292,-3,-1,0,-1,-8,-2,-5,-4,-24
14757395258967641292,0,0,0,0,0,0,0,0,0
14757395258967641292,0,0,0,0,0,0,0,0,0
14757395258967641292,-1,0,0,0,-1,-3,0,1,-4
14757395258967641292,0,0,0,0,0,0,0,0,0
14757395258967641292,0,0,0,0,0,0,0,0,0
14757395258967641292,-2,2,-1,-6,-7,-4,-4,1,-21
14757395258967641292,2,-1,6,4,3,1,1,1,17
14757395258967641292,0,0,0,0,0,0,0,0,0
14757395258967641292,0,0,0,0,0,0,0,0,0
14757395258967641292,-2,-3,0,0,2,0,2,0,-1
14757395258967641292,-4,-3,-5,-8,-4,-1,-2,-5,-32
14757395258967641292,0,0,0,0,0,0,0,0,0
14757395258967641292,0,0,0,0,0,0,0,0,0
14757395258967641292,0,0,0,0,0,0,0,0,0
14757395258967641292,-10,-18,-3,-4,-2,1,-5,-2,-43
14757395258967641292,0,0,0,0,0,0,0,0,0
14757395258967641292,0,0,0,0,0,0,0,0,0
14757395258967641292,-2,-4,-6,-8,-11,-3,1,-1,-34
14757395258967641292,4,10,2,4,6,-1,1,2,28
14757395258967641292,0,0,0,0,0,0,0,0,0
14757395258967641292,0,0,0,0,0,0,0,0,0
14757395258967641292,0,2,-1,-1,-1,-1,-3,-1,-6
14757395258967641292,0,2,-3,-4,-4,-1,-2,-2,-14
14757395258967641292,0,0,0,0,0,0,0,0,0
14757395258967641292,0,0,0,0,0,0,0,0,0
14757395258967641292,0,0,0,0,0,0,0,0,0
14757395258967641292,-2,-5,-12,-6,-6,-5,-1,-1,-38
14757395258967641292,0,0,0,0,0,0,0,0,0
14757395258967641292,0,0,0,0,0,0,0,0,0
14757395258967641292,0,0,0,0,0,0,0,0,0
14757395258967641292,-6,-11,-6,7,8,3,4,0,-1
14757395258967641292,2,14,7,1,-6,-2,0,1,17
14757395258967641292,0,0,0,0,0,0,0,0,0
14757395258967641292,0,0,0,0,0,0,0,0,0
14757395258967641292,0,0,0,0,0,0,0,0,0
14757395258967641292,1,2,-3,-1,5,1,-2,-2,1
14757395258967641292,0,0,0,0,0,0,0,0,0
14757395258967641292,0,0,0,0,0,0,0,0,0
14757395258967641292,-8,-18,-2,-1,-19,-6,-3,-5,-62
14757395258967641292,0,0,0,0,0,0,0,0,0
14757395258967641292,0,0,0,0,0,0,0,0,0
14757395258967641292,0,0,0,0,0,0,0,0,0
14757395258967641292,-5,-6,-1,3,-2,2,0,0,-9
14757395258967641292,3,2,-2,2,12,1,2,2,22
14757395258967641292,0,0,0,0,0,0,0,0,0
14757395258967641292,2,5,-9,-9,-2,-3,0,-4,-20
14757395258967641292,0,0,0,0,0,0,0,0,0
14757395258967641292,-14,-43,-16,-9,-1,-3,-1,-1,-88
14757395258967641292,0,0,0,0,0,0,0,0,0
14757395258967641292,0,0,0,0,0,0,0,0,0
14757395258967641292,3,11,0,0,-4,-2,0,-4,4
14757395258967641292,0,0,0,0,0,0,0,0,0
14757395258967641292,0,0,0,0,0,0,0,0,0
14757395258967641292,0,0,0,0,0,0,0,0,0
14757395258967641292,0,-1,2,0,3,-5,1,3,3
14757395258967641292,1,6,1,-2,-3,0,-5,2,0
14757395258967641292,0,0,0,0,0,0,0,0,0
14757395258967641292,-9,-17,1,-4,-3,0,-3,-4,-39
14757395258967641292,0,0,0,0,0,0,0,0,0
14757395258967641292,0,1,8,8,5,1,1,2,26
14757395258967641292,0,0,0,0,0,0,0,0,0
14757395258967641292,0,0,0,0,0,0,0,0,0
14757395258967641292,0,0,0,0,0,0,0,0,0
14757395258967641292,2,3,-6,-3,-2,-2,-5,2,-11
14757395258967641292,-2,5,3,2,-1,1,-2,-1,5
14757395258967641292,0,0,0,0,0,0,0,0,0
14757395258967641292,0,8,3,6,2,-1,0,-2,16
14757395258967641292,4,6,3,2,4,0,0,-3,16
14757395258967641292,0,0,0,0,0,0,0,0,0
14757395258967641292,1,0,3,-2,-3,-4,1,0,-4
14757395258967641292,0,0,0,0,0,0,0,0,0
14757395258967641292,1,4,-5,-1,-4,-2,2,-2,-7
14757395258967641292,0,0,0,0,0,0,0,0,0
14757395258967641292,0,0,0,0,0,0,0,0,0
14757395258967641292,1,2,2,-4,-1,-2,0,-3,-5
14757395258967641292,0,0,0,0,0,0,0,0,0
14757395258967641292,0,0,0,0,0,0,0,0,0
14757395258967641292,0,0,0,0,0,0,0,0,0
14757395258967641292,-2,1,-5,-6,-8,-6,-5,0,-31
14757395258967641292,-1,6,1,2,0,2,1,1,12
14757395258967641292,0,0,0,0,0,0,0,0,0
14757395258967641292,5,1,-5,-3,-9,0,-3,2,-12
14757395258967641292,0,0,0,0,0,0,0,0,0
14757395258967641292,2,-2,0,3,3,0,-3,-1,2
14757395258967641292,0,0,0,0,0,0,0,0,0
14757395258967641292,0,0,0,0,0,0,0,0,0
14757395258967641292,3,3,3,3,2,1,0,0,15
14757395258967641292,0,0,0,0,0,0,0,0,0
14757395258967641292,0,0,0,0,0,0,0,0,0
14757395258967641292,0,0,0,0,0,0,0,0,0
14757395258967641292,-3,3,3,-4,-4,-1,3,-4,-7
14757395258967641292,-3,-8,-10,-6,-10,-5,-1,-4,-47
14757395258967641292,0,0,0,0,0,0,0,0,0
14757395258967641292,-3,0,-1,2,5,3,-1,2,7
14757395258967641292,0,0,0,0,0,0,0,0,0
14757395258967641292,-3,7,4,0,1,1,0,0,10
14757395258967641292,0,0,0,0,0,0,0,0,0
14757395258967641292,0,0,0,0,0,0,0,0,0
14757395258967641292,2,-1,2,-4,-3,-3,-1,0,-8
14757395258967641292,0,0,0,0,0,0,0,0,0
14757395258967641292,0,0,0,0,0,0,0,0,0
14757395258967641292,0,0,0,0,0,0,0,0,0
14757395258967641292,-1,5,3,0,1,0,-1,0,7
14757395258967641292,-5,-13,-9,-4,-4,-1,-5,0,-41
14757395258967641292,0,0,0,0,0,0,0,0,0
14757395258967641292,0,0,-1,3,3,4,1,-1,9
14757395258967641292,0,0,0,0,0,0,0,0,0
14757395258967641292,-1,-3,-1,-4,-4,-3,0,-4,-20
14757395258967641292,0,0,0,0,0,0,0,0,0
14757395258967641292,0,0,0,0,0,0,0,0,0
14757395258967641292,0,2,0,2,-1,1,-1,-1,2
14757395258967641292,0,0,0,0,0,0,0,0,0
14757395258967641292,0,0,0,0,0,0,0,0,0
14757395258967641292,0,0,0,0,0,0,0,0,0
14757395258967641292,-4,-9,0,-3,1,0,-2,-3,-20
14757395258967641292,-2,1,-2,-3,-1,0,-1,-1,-9
14757395258967641292,0,0,0,0,0,0,0,0,0
14757395258967641292,3,4,2,-2,-5,0,-2,2,2
14757395258967641292,0,0,0,0,0,0,0,0,0
14757395258967641292,3,4,0,1,-2,-2,0,-1,3
14757395258967641292,0,0,0,0,0,0,0,0,0
14757395258967641292,0,0,0,0,0,0,0,0,0
14757395258967641292,-2,4,-3,-5,-4,-2,1,-2,-13
14757395258967641292,0,0,0,0,0,0,0,0,0
14757395258967641292,0,0,0,0,0,0,0,0,0
14757395258967641292,0,0,0,0,0,0,0,0,0
14757395258967641292,-1,6,5,-2,-7,-4,-2,1,-4
14757395258967641292,1,0,-2,4,10,4,1,4,22
14757395258967641292,0,0,0,0,0,0,0,0,0
14757395258967641292,-2,-4,-1,-5,0,-4,-1,-4,-21
14757395258967641292,0,0,0,0,0,0,0,0,0
14757395258967641292,0,0,0,0,0,0,0,0,0
14757395258967641292,-1,2,2,2,-2,1,-2,-1,1
14757395258967641292,0,0,0,0,0,0,0,0,0
14757395258967641292,-5,-11,-4,-3,-1,-1,-2,0,-27
14757395258967641292,0,0,0,0,0,0,0,0,0
14757395258967641292,0,0,0,0,0,0,0,0,0
14757395258967641292,0,0,0,0,0,0,0,0,0
14757395258967641292,-2,-4,-4,-3,-4,-2,-3,-4,-26
14757395258967641292,-1,1,3,3,2,-1,3,1,11
14757395258967641292,0,0,0,0,0,0,0,0,0
14757395258967641292,-2,-8,-1,-4,-3,-2,1,2,-17
14757395258967641292,0,0,0,0,0,0,0,0,0
14757395258967641292,-3,-7,-1,-8,-6,-3,0,-3,-31
14757395258967641292,0,0,0,0,0,0,0,0,0
14757395258967641292,0,0,0,0,0,0,0,0,0
14757395258967641292,3,1,-3,1,-6,-2,-4,-4,-14
14757395258967641292,0,0,0,0,0,0,0,0,0
14757395258967641292,0,0,0,0,0,0,0,0,0
14757395258967641292,0,0,0,0,0,0,0,0,0
14757395258967641292,-5,-13,-4,1,0,-1,0,-4,-26
14757395258967641292,2,6,-1,0,5,-2,0,1,11
14757395258967641292,0,0,0,0,0,0,0,0,0
14757395258967641292,-3,-1,-3,-6,-9,-3,-2,0,-27
14757395258967641292,0,0,0,0,0,0,0,0,0
14757395258967641292,3,5,4,5,3,4,1,0,25
14757395258967641292,0,0,0,0,0,0,0,0,0
14757395258967641292,0,0,0,0,0,0,0,0,0
14757395258967641292,-6,-5,-4,0,-4,-2,0,-4,-25
14757395258967641292,0,0,0,0,0,0,0,0,0
14757395258967641292,0,0,0,0,0,0,0,0,0
14757395258967641292,0,0,0,0,0,0,0,0,0
14757395258967641292,-3,-10,0,0,2,4,1,2,-4
14757395258967641292,1,1,2,1,0,2,-1,1,7
14757395258967641292,0,0,0,0,0,0,0,0,0
14757395258967641292,4,-1,-6,-4,-4,-6,-1,-3,-21
14757395258967641292,0,0,0,0,0,0,0,0,0
14757395258967641292,-2,-7,-3,-6,0,-4,0,-1,-23
14757395258967641292,0,0,0,0,0,0,0,0,0
14757395258967641292,0,0,0,0,0,0,0,0,0
14757395258967641292,-4,-19,-3,0,2,-3,-6,-4,-37
14757395258967641292,0,0,0,0,0,0,0,0,0
14757395258967641292,0,0,0,0,0,0,0,0,0
14757395258967641292,0,0,0,0,0,0,0,0,0
14757395258967641292,-4,-6,2,-7,0,-4,-2,-4,-25
14757395258967641292,-1,4,5,2,-1,1,0,1,11
14757395258967641292,0,0,0,0,0,0,0,0,0
14757395258967641292,-1,-1,2,6,1,1,0,2,10
14757395258967641292,0,0,0,0,0,0,0,0,0
14757395258967641292,0,5,-2,-1,-1,-3,-2,2,-2
14757395258967641292,0,0,0,0,0,0,0,0,0
14757395258967641292,0,0,0,0,0,0,0,0,0
14757395258967641292,2,1,-4,-2,2,1,0,-1,-1
14757395258967641292,0,0,0,0,0,0,0,0,0
14757395258967641292,0,0,0,0,0,0,0,0,0
14757395258967641292,0,0,0,0,0,0,0,0,0
14757395258967641292,2,0,-2,-1,-3,0,-4,-3,-11
14757395258967641292,1,-1,3,0,-2,0,0,-2,-1
14757395258967641292,0,0,0,0,0,0,0,0,0
14757395258967641292,4,8,3,0,-2,0,3,-1,15
14757395258967641292,0,0,0,0,0,0,0,0,0
14757395258967641292,-2,0,1,5,-3,-1,-1,-4,-5
14757395258967641292,0,0,0,0,0,0,0,0,0
14757395258967641292,0,0,0,0,0,0,0,0,0
14757395258967641292,-1,2,-6,-8,-6,-3,-1,2,-21
14757395258967641292,0,0,0,0,0,0,0,0,0
14757395258967641292,0,0,0,0,0,0,0,0,0
14757395258967641292,0,0,0,0,0,0,0,0,0
14757395258967641292,-2,2,-1,2,-5,-1,1,2,-2
14757395258967641292,0,-3,-3,0,-2,0,-2,2,-8
14757395258967641292,0,0,0,0,0,0,0,0,0
14757395258967641292,-2,-2,-7,-3,-1,-1,-1,-3,-20
14757395258967641292,0,0,0,0,0,0,0,0,0
14757395258967641292,-2,3,2,-3,3,0,-5,-5,-7
14757395258967641292,0,0,0,0,0,0,0,0,0
14757395258967641292,0,0,0,0,0,0,0,0,0
14757395258967641292,-4,-11,-6,3,3,0,-1,-1,-17
14757395258967641292,0,0,0,0,0,0,0,0,0
14757395258967641292,0,0,0,0,0,0,0,0,0
14757395258967641292,0,0,0,0,0,0,0,0,0
14757395258967641292,2,3,0,-3,-6,-2,-2,-3,-11
14757395258967641292,2,9,5,3,2,-1,0,1,21
14757395258967641292,0,0,0,0,0,0,0,0,0
14757395258967641292,0,0,0,0,0,0,0,0,0
14757395258967641292,0,0,0,0,0,0,0,0,0
14757395258967641292,-1,1,0,-3,-5,0,-1,1,-8
14757395258967641292,0,0,0,0,0,0,0,0,0
14757395258967641292,0,0,0,0,0,0,0,0,0
14757395258967641292,2,0,-3,-4,0,0,2,2,-1
14757395258967641292,0,0,0,0,0,0,0,0,0
14757395258967641292,0,0,0,0,0,0,0,0,0
14757395258967641292,0,0,0,0,0,0,0,0,0
14757395258967641292,-2,0,-3,0,0,1,-2,-1,-7
14757395258967641292,-2,-2,1,-3,0,-2,-1,-1,-10
14757395258967641292,0,0,0,0,0,0,0,0,0
14757395258967641292,0,0,0,0,0,0,0,0,0
14757395258967641292,0,0,0,0,0,0,0,0,0
14757395258967641292,3,2,-1,-2,-2,-1,-1,-3,-5
14757395258967641292,0,0,0,0,0,0,0,0,0
14757395258967641292,0,0,0,0,0,0,0,0,0
14757395258967641292,-3,-9,4,4,2,0,1,-1,-2
14757395258967641292,0,0,0,0,0,0,0,0,0
14757395258967641292,0,0,0,0,0,0,0,0,0
14757395258967641292,0,0,0,0,0,0,0,0,0
14757395258967641292,-1,-10,-2,0,-5,-1,-4,-3,-26
14757395258967641292,-2,4,-4,-4,-3,-1,-1,-4,-15
14757395258967641292,0,0,0,0,0,0,0,0,0
14757395258967641292,0,0,0,0,0,0,0,0,0
14757395258967641292,0,0,0,0,0,0,0,0,0
14757395258967641292,-3,1,-2,-1,-3,-1,-4,-1,-14
14757395258967641292,0,0,0,0,0,0,0,0,0
14757395258967641292,0,0,0,0,0,0,0,0,0
14757395258967641292,4,7,1,0,-2,-1,-3,-2,4
14757395258967641292,-7,-5,-5,-3,-1,-4,-3,-2,-30
14757395258967641292,0,0,0,0,0,0,0,0,0
14757395258967641292,0,0,0,0,0,0,0,0,0
14757395258967641292,1,3,-2,-2,0,1,1,2,4
14757395258967641292,-2,-3,-6,-3,-2,-2,3,1,-14
14757395258967641292,0,0,0,0,0,0,0,0,0
14757395258967641292,0,0,0,0,0,0,0,0,0
14757395258967641292,0,0,0,0,0,0,0,0,0
14757395258967641292,3,4,3,-1,-2,0,1,-3,5
14757395258967641292,0,0,0,0,0,0,0,0,0
14757395258967641292,0,0,0,0,0,0,0,0,0
14757395258967641292,1,1,-3,1,-1,-2,-2,-2,-7
14757395258967641292,-2,-3,2,4,1,1,0,0,3
14757395258967641292,0,0,0,0,0,0,0,0,0
14757395258967641292,0,0,0,0,0,0,0,0,0
14757395258967641292,-1,1,-2,-4,-4,-1,-3,1,-13
14757395258967641292,0,-4,1,-1,1,-2,-4,0,-9
14757395258967641292,0,0,0,0,0,0,0,0,0
14757395258967641292,0,0,0,0,0,0,0,0,0
14757395258967641292,0,0,0,0,0,0,0,0,0
14757395258967641292,0,-3,-2,-8,-7,-2,-1,-2,-25
14757395258967641292,0,0,0,0,0,0,0,0,0
14757395258967641292,0,0,0,0,0,0,0,0,0
14757395258967641292,2,3,1,2,4,0,-1,0,11
14757395258967641292,3,-3,-4,-2,-1,-1,-2,1,-9
14757395258967641292,0,0,0,0,0,0,0,0,0
14757395258967641292,0,0,0,0,0,0,0,0,0
14757395258967641292,-1,0,-5,-8,-7,-3,-7,-2,-33
14757395258967641292,2,6,4,10,2,2,1,-1,26
14757395258967641292,0,0,0,0,0,0,0,0,0
14757395258967641292,0,0,0,0,0,0,0,0,0
14757395258967641292,0,0,0,0,0,0,0,0,0
14757395258967641292,0,-3,4,-4,0,-1,-2,-5,-11
14757395258967641292,-3,-11,-1,-4,0,0,-1,2,-18
14757395258967641292,0,0,0,0,0,0,0,0,0
14757395258967641292,-2,-4,-4,1,-3,-3,-3,-3,-21
14757395258967641292,-3,-5,-1,1,0,2,2,0,-4
14757395258967641292,0,0,0,0,0,0,0,0,0
14757395258967641292,0,0,0,0,0,0,0,0,0
14757395258967641292,-2,-3,2,-1,0,0,-2,0,-6
14757395258967641292,-1,1,-1,-4,-1,-4,-1,-1,-12
14757395258967641292,0,0,0,0,0,0,0,0,0
14757395258967641292,0,0,0,0,0,0,0,0,0
14757395258967641292,0,0,0,0,0,0,0,0,0
14757395258967641292,0,-1,-4,-5,-8,0,-4,1,-21
14757395258967641292,0,0,0,0,0,0,0,0,0
14757395258967641292,0,0,0,0,0,0,0,0,0
14757395258967641292,-9,-24,-9,-1,-1,-2,1,-5,-50
14757395258967641292,-3,-1,-1,-6,2,-2,0,-1,-12
14757395258967641292,0,0,0,0,0,0,0,0,0
14757395258967641292,0,0,0,0,0,0,0,0,0
14757395258967641292,3,7,6,0,5,0,0,0,21
14757395258967641292,-2,0,-1,1,-1,-1,-3,-2,-9
14757395258967641292,0,0,0,0,0,0,0,0,0
14757395258967641292,0,0,0,0,0,0,0,0,0
14757395258967641292,0,0,0,0,0,0,0,0,0
14757395258967641292,-2,2,-3,0,0,0,-1,-3,-7
14757395258967641292,0,0,0,0,0,0,0,0,0
14757395258967641292,0,0,0,0,0,0,0,0,0
14757395258967641292,-3,0,-1,-1,-2,1,-2,-3,-11
14757395258967641292,0,3,1,6,2,2,0,-2,12
14757395258967641292,0,0,0,0,0,0,0,0,0
14757395258967641292,0,0,0,0,0,0,0,0,0
14757395258967641292,2,-6,-6,-8,-3,-1,-1,2,-21
14757395258967641292,2,5,2,-4,-3,0,-1,-3,-2
14757395258967641292,0,0,0,0,0,0,0,0,0
14757395258967641292,0,0,0,0,0,0,0,0,0
14757395258967641292,0,0,0,0,0,0,0,0,0
14757395258967641292,2,0,-4,2,2,-3,-1,-4,-6
14757395258967641292,0,0,0,0,0,0,0,0,0
14757395258967641292,0,0,0,0,0,0,0,0,0
14757395258967641292,0,1,-1,-5,-2,-1,0,-1,-9
14757395258967641292,-3,0,2,1,-2,2,3,0,3
14757395258967641292,0,0,0,0,0,0,0,0,0
14757395258967641292,0,0,0,0,0,0,0,0,0
14757395258967641292,-2,-4,-4,0,-5,-1,0,2,-14
14757395258967641292,-6,-11,-6,1,-2,-5,-4,1,-32
14757395258967641292,0,0,0,0,0,0,0,0,0
14757395258967641292,0,0,0,0,0,0,0,0,0
14757395258967641292,0,0,0,0,0,0,0,0,0
14757395258967641292,2,-4,-3,-5,-1,0,-5,-5,-21
14757395258967641292,0,0,0,0,0,0,0,0,0
14757395258967641292,0,0,0,0,0,0,0,0,0
14757395258967641292,1,5,1,7,0,3,2,-3,16
14757395258967641292,0,0,0,0,0,0,0,0,0
14757395258967641292,-4,-6,2,2,-4,-4,-2,-1,-17
14757395258967641292,0,0,0,0,0,0,0,0,0
14757395258967641292,0,1,0,-2,4,2,0,1,6
14757395258967641292,5,3,-2,-6,1,1,-1,2,3
14757395258967641292,0,0,0,0,0,0,0,0,0
14757395258967641292,0,0,0,0,0,0,0,0,0
14757395258967641292,0,0,0,0,0,0,0,0,0
14757395258967641292,2,3,-1,-4,-6,-2,-3,-1,-12
14757395258967641292,0,0,0,0,0,0,0,0,0
14757395258967641292,0,0,0,0,0,0,0,0,0
14757395258967641292,0,5,2,-7,-7,-5,0,2,-10
14757395258967641292,1,4,0,0,4,-2,2,1,10
14757395258967641292,0,0,0,0,0,0,0,0,0
14757395258967641292,0,0,0,0,0,0,0,0,0
14757395258967641292,-5,-18,-5,-6,-7,-4,-6,-1,-52
14757395258967641292,-3,-1,-1,-1,-3,2,-1,-2,-10
14757395258967641292,0,0,0,0,0,0,0,0,0
14757395258967641292,0,0,0,0,0,0,0,0,0
14757395258967641292,0,0,0,0,0,0,0,0,0
14757395258967641292,-1,-2,-5,-2,-4,-1,3,2,-10
14757395258967641292,0,0,0,0,0,0,0,0,0
14757395258967641292,0,0,0,0,0,0,0,0,0
14757395258967641292,0,-2,0,-5,-3,-2,-3,-2,-17
14757395258967641292,-1,-4,1,8,4,-2,-1,0,5
14757395258967641292,0,0,0,0,0,0,0,0,0
14757395258967641292,0,0,0,0,0,0,0,0,0
14757395258967641292,-4,-4,-3,-2,-2,-1,0,0,-16
14757395258967641292,-5,-4,-5,-6,-4,0,-1,-1,-26
14757395258967641292,0,0,0,0,0,0,0,0,0
14757395258967641292,0,0,0,0,0,0,0,0,0
14757395258967641292,0,0,0,0,0,0,0,0,0
14757395258967641292,-1,4,0,-6,-1,0,-2,-1,-7
14757395258967641292,0,0,0,0,0,0,0,0,0
14757395258967641292,0,0,0,0,0,0,0,0,0
14757395258967641292,-3,-2,0,6,4,0,3,2,10
14757395258967641292,-5,-14,-1,-3,-5,-4,-1,-3,-36
14757395258967641292,0,0,0,0,0,0,0,0,0
14757395258967641292,0,0,0,0,0,0,0,0,0
14757395258967641292,-2,-14,-8,-8,-8,-4,-4,-3,-51
14757395258967641292,1,5,5,1,3,0,-1,-1,13
14757395258967641292,0,0,0,0,0,0,0,0,0
14757395258967641292,0,0,0,0,0,0,0,0,0
14757395258967641292,0,0,0,0,0,0,0,0,0
14757395258967641292,-2,0,-3,1,-1,-2,2,1,-4
14757395258967641292,0,0,0,0,0,0,0,0,0
14757395258967641292,0,0,0,0,0,0,0,0,0
14757395258967641292,-2,5,-3,-3,-4,-1,-1,-1,-10
14757395258967641292,4,7,2,5,3,1,0,-1,21
14757395258967641292,0,0,0,0,0,0,0,0,0
14757395258967641292,0,0,0,0,0,0,0,0,0
14757395258967641292,-1,-3,2,-6,-1,-2,-6,1,-16
14757395258967641292,-1,-6,-1,-1,-3,-2,-2,1,-15
14757395258967641292,0,0,0,0,0,0,0,0,0
14757395258967641292,0,0,0,0,0,0,0,0,0
14757395258967641292,0,0,0,0,0,0,0,0,0
14757395258967641292,2,4,-1,0,3,2,-5,-2,3
14757395258967641292,0,0,0,0,0,0,0,0,0
14757395258967641292,0,0,0,0,0,0,0,0,0
14757395258967641292,0,0,0,0,0,0,0,0,0
14757395258967641292,4,5,-3,2,2,1,3,3,17
14757395258967641292,-2,-3,-1,-6,-8,-4,0,-1,-25
14757395258967641292,0,0,0,0,0,0,0,0,0
14757395258967641292,0,-7,-1,8,6,1,-1,2,8
14757395258967641292,-1,0,-7,-5,-7,-4,-3,-4,-31
14757395258967641292,0,0,0,0,0,0,0,0,0
14757395258967641292,0,0,0,0,0,0,0,0,0
14757395258967641292,0,0,0,0,0,0,0,0,0
14757395258967641292,-1,6,2,1,-1,0,3,-1,9
14757395258967641292,0,0,0,0,0,0,0,0,0
14757395258967641292,0,0,0,0,0,0,0,0,0
14757395258967641292,0,0,0,0,0,0,0,0,0
14757395258967641292,3,-5,-2,-2,-4,-2,-2,0,-14
14757395258967641292,-4,-10,3,2,5,2,0,2,0
14757395258967641292,0,0,0,0,0,0,0,0,0
14757395258967641292,-6,-26,-9,-6,-7,-2,-5,-3,-64
14757395258967641292,2,0,-3,1,2,1,0,-4,-1
14757395258967641292,0,0,0,0,0,0,0,0,0
14757395258967641292,0,0,0,0,0,0,0,0,0
14757395258967641292,0,0,0,0,0,0,0,0,0
14757395258967641292,-3,-10,0,4,4,2,-1,-1,-5
14757395258967641292,0,0,0,0,0,0,0,0,0
14757395258967641292,0,0,0,0,0,0,0,0,0
14757395258967641292,0,0,0,0,0,0,0,0,0
14757395258967641292,1,0,-3,-4,-5,-6,-2,0,-19
14757395258967641292,4,10,2,2,-3,1,0,-2,14
14757395258967641292,0,0,0,0,0,0,0,0,0
14757395258967641292,2,5,0,6,7,0,1,0,21
14757395258967641292,-6,-3,-4,-11,-5,-6,-2,-3,-40
14757395258967641292,0,0,0,0,0,0,0,0,0
14757395258967641292,0,0,0,0,0,0,0,0,0
14757395258967641292,0,0,0,0,0,0,0,0,0
14757395258967641292,-3,-8,4,5,1,1,0,0,0
14757395258967641292,0,0,0,0,0,0,0,0,0
14757395258967641292,0,0,0,0,0,0,0,0,0
14757395258967641292,0,0,0,0,0,0,0,0,0
14757395258967641292,-2,11,-2,-4,-2,-1,-1,-1,-2
14757395258967641292,0,-3,-4,0,1,-2,-3,-2,-13
14757395258967641292,0,0,0,0,0,0,0,0,0
14757395258967641292,0,-5,-4,-4,-3,-1,3,0,-14
14757395258967641292,0,0,0,0,0,0,0,0,0
14757395258967641292,-3,-7,-3,-5,0,-2,-2,-1,-23
14757395258967641292,0,0,0,0,0,0,0,0,0
14757395258967641292,0,0,0,0,0,0,0,0,0
14757395258967641292,0,3,-2,-2,-4,-2,-2,0,-9
14757395258967641292,0,0,0,0,0,0,0,0,0
14757395258967641292,0,0,0,0,0,0,0,0,0
14757395258967641292,0,0,0,0,0,0,0,0,0
14757395258967641292,-4,-5,-6,0,4,-3,1,-1,-14
14757395258967641292,4,1,1,-1,-4,-2,-1,1,-1
14757395258967641292,0,0,0,0,0,0,0,0,0
14757395258967641292,-1,11,3,2,1,3,-3,-2,14
14757395258967641292,0,0,0,0,0,0,0,0,0
14757395258967641292,-2,0,0,0,3,1,3,0,5
14757395258967641292,0,0,0,0,0,0,0,0,0
14757395258967641292,0,0,0,0,0,0,0,0,0
14757395258967641292,0,1,0,-3,-4,-1,-2,2,-7
14757395258967641292,0,0,0,0,0,0,0,0,0
14757395258967641292,0,0,0,0,0,0,0,0,0
14757395258967641292,0,0,0,0,0,0,0,0,0
14757395258967641292,-1,-1,-5,-2,-3,-4,-2,1,-17
14757395258967641292,-2,-2,0,1,-3,1,-2,-3,-10
14757395258967641292,0,0,0,0,0,0,0,0,0
14757395258967641292,-3,-11,-3,-3,0,1,0,-2,-21
14757395258967641292,0,0,0,0,0,0,0,0,0
14757395258967641292,0,-5,-4,1,2,-2,0,-3,-11
14757395258967641292,0,0,0,0,0,0,0,0,0
14757395258967641292,0,0,0,0,0,0,0,0,0
14757395258967641292,0,-2,1,1,1,0,-1,4,4
14757395258967641292,0,0,0,0,0,0,0,0,0
14757395258967641292,0,0,0,0,0,0,0,0,0
14757395258967641292,0,0,0,0,0,0,0,0,0
14757395258967641292,-2,-7,-1,0,2,0,0,-5,-13
14757395258967641292,0,14,7,2,2,0,-2,0,23
