14757395258967641292,5,0,-2,0,-5,-3,-4,-5,-14
14757395258967641292,0,0,0,0,0,0,0,0,0
14757395258967641292,0,0,0,0,0,0,0,0,0
14757395258967641292,-4,3,-8,-6,-2,1,-1,0,-17
14757395258967641292,0,0,0,0,0,0,0,0,0
14757395258967641292,0,0,0,0,0,0,0,0,0
14757395258967641292,0,1,0,-3,-3,-1,-3,-3,-12
14757395258967641292,0,0,0,0,0,0,0,0,0
14757395258967641292,-3,-4,-4,0,-2,-2,2,-1,-14
14757395258967641292,0,0,0,0,0,0,0,0,0
14757395258967641292,-2,-2,1,-1,-1,-1,-4,1,-9
14757395258967641292,0,0,0,0,0,0,0,0,0
14757395258967641292,2,-5,-3,-3,0,-4,0,-1,-14
14757395258967641292,0,0,0,0,0,0,0,0,0
14757395258967641292,0,0,0,0,0,0,0,0,0
14757395258967641292,-1,-3,-1,5,6,0,0,1,7
14757395258967641292,0,0,0,0,0,0,0,0,0
14757395258967641292,0,0,0,0,0,0,0,0,0
14757395258967641292,-4,-2,0,-3,-2,1,-1,0,-11
14757395258967641292,0,0,0,0,0,0,0,0,0
14757395258967641292,0,0,0,0,0,0,0,0,0
14757395258967641292,0,-6,-2,0,3,0,2,2,-1
14757395258967641292,0,0,0,0,0,0,0,0,0
14757395258967641292,2,-5,-7,-4,-4,1,2,-2,-17
14757395258967641292,-3,0,1,-3,1,0,-2,-5,-11
14757395258967641292,0,0,0,0,0,0,0,0,0
14757395258967641292,0,0,0,0,0,0,0,0,0
14757395258967641292,-2,0,0,2,4,-1,-2,-2,-1
14757395258967641292,0,0,0,0,0,0,0,0,0
14757395258967641292,0,0,0,0,0,0,0,0,0
14757395258967641292,0,-4,-4,-3,-6,2,0,3,-12
14757395258967641292,2,2,0,-2,-5,1,-6,-1,-9
14757395258967641292,0,0,0,0,0,0,0,0,0
14757395258967641292,0,0,0,0,0,0,0,0,0
14757395258967641292,-3,-1,-2,-1,2,3,5,0,3
14757395258967641292,0,0,0,0,0,0,0,0,0
14757395258967641292,-3,-5,1,-6,-1,-1,4,3,-8
14757395258967641292,0,0,0,0,0,0,0,0,0
14757395258967641292,0,0,0,0,0,0,0,0,0
14757395258967641292,0,1,1,-1,-2,1,-1,-1,-2
14757395258967641292,0,0,0,0,0,0,0,0,0
14757395258967641292,0,0,0,0,0,0,0,0,0
14757395258967641292,-1,-2,0,-1,4,-2,-1,-4,-7
14757395258967641292,2,-2,-1,-3,1,4,0,-5,-4
14757395258967641292,0,0,0,0,0,0,0,0,0
14757395258967641292,0,0,0,0,0,0,0,0,0
14757395258967641292,0,3,-1,3,-2,-4,-1,2,0
14757395258967641292,0,0,0,0,0,0,0,0,0
14757395258967641292,-1,2,0,-2,-3,-1,4,-7,-8
14757395258967641292,0,0,0,0,0,0,0,0,0
14757395258967641292,0,0,0,0,0,0,0,0,0
14757395258967641292,1,-2,-2,-2,3,0,-1,0,-3
14757395258967641292,0,0,0,0,0,0,0,0,0
14757395258967641292,0,0,0,0,0,0,0,0,0
14757395258967641292,-6,0,0,-2,4,-2,0,-3,-9
14757395258967641292,1,-1,-3,-3,-5,-6,1,-1,-17
14757395258967641292,0,0,0,0,0,0,0,0,0
14757395258967641292,0,0,0,0,0,0,0,0,0
14757395258967641292,-2,0,0,-3,-5,-1,2,-3,-12
14757395258967641292,0,0,0,0,0,0,0,0,0
14757395258967641292,-7,-3,1,0,-1,0,-1,3,-8
14757395258967641292,0,0,0,0,0,0,0,0,0
14757395258967641292,0,0,0,0,0,0,0,0,0
14757395258967641292,2,-2,0,2,-4,-2,1,-1,-4
14757395258967641292,0,0,0,0,0,0,0,0,0
14757395258967641292,0,0,0,0,0,0,0,0,0
14757395258967641292,-2,0,0,0,3,-7,-7,-2,-15
14757395258967641292,0,2,0,-2,-3,-9,-4,-2,-18
14757395258967641292,0,0,0,0,0,0,0,0,0
14757395258967641292,0,0,0,0,0,0,0,0,0
14757395258967641292,1,-1,-1,1,-1,1,-5,-1,-6
14757395258967641292,0,0,0,0,0,0,0,0,0
14757395258967641292,2,-2,-5,-5,-3,0,-2,-3,-18
14757395258967641292,0,0,0,0,0,0,0,0,0
14757395258967641292,0,0,0,0,0,0,0,0,0
14757395258967641292,-2,-1,-1,1,2,-1,-5,-5,-12
14757395258967641292,0,0,0,0,0,0,0,0,0
14757395258967641292,0,0,0,0,0,0,0,0,0
14757395258967641292,2,-1,0,-5,0,-1,-1,1,-5
14757395258967641292,-1,-3,4,-5,-1,-1,-5,-6,-18
14757395258967641292,0,0,0,0,0,0,0,0,0
14757395258967641292,0,0,0,0,0,0,0,0,0
14757395258967641292,-1,-5,-3,2,-1,2,-3,-2,-11
14757395258967641292,0,0,0,0,0,0,0,0,0
14757395258967641292,0,-3,-3,-1,0,3,-3,-2,-9
14757395258967641292,0,0,0,0,0,0,0,0,0
14757395258967641292,0,0,0,0,0,0,0,0,0
14757395258967641292,5,0,0,-2,-1,-4,-6,-6,-14
14757395258967641292,0,0,0,0,0,0,0,0,0
14757395258967641292,0,0,0,0,0,0,0,0,0
14757395258967641292,-4,-6,0,-3,6,1,0,-6,-12
14757395258967641292,1,2,-1,-2,-3,-2,4,1,0
14757395258967641292,0,0,0,0,0,0,0,0,0
14757395258967641292,0,0,0,0,0,0,0,0,0
14757395258967641292,6,-1,-2,-3,-4,-2,-3,-4,-13
14757395258967641292,0,0,0,0,0,0,0,0,0
14757395258967641292,-1,3,2,4,-5,0,-3,3,3
14757395258967641292,0,0,0,0,0,0,0,0,0
14757395258967641292,0,0,0,0,0,0,0,0,0
14757395258967641292,-1,3,0,-2,1,-5,-1,-2,-7
14757395258967641292,0,0,0,0,0,0,0,0,0
14757395258967641292,0,0,0,0,0,0,0,0,0
14757395258967641292,1,-1,0,2,5,-3,-5,-2,-3
14757395258967641292,0,0,0,0,0,0,0,0,0
14757395258967641292,0,0,0,0,0,0,0,0,0
14757395258967641292,1,1,2,6,5,2,-1,3,19
14757395258967641292,3,3,6,1,-5,-2,1,-1,6
14757395258967641292,0,0,0,0,0,0,0,0,0
14757395258967641292,-4,-3,-4,-3,0,-3,-3,-5,-25
14757395258967641292,0,0,0,0,0,0,0,0,0
14757395258967641292,0,0,0,0,0,0,0,0,0
14757395258967641292,0,0,0,0,0,0,0,0,0
14757395258967641292,0,0,0,0,0,0,0,0,0
14757395258967641292,-1,-4,3,-1,-4,2,2,1,-2
14757395258967641292,-2,-5,-4,-7,-1,0,-1,-3,-23
14757395258967641292,-1,-5,-4,2,3,-2,-4,-2,-13
14757395258967641292,0,0,0,0,0,0,0,0,0
14757395258967641292,0,0,0,0,0,0,0,0,0
14757395258967641292,-2,3,0,-1,-2,-2,-1,3,-2
14757395258967641292,0,0,0,0,0,0,0,0,0
14757395258967641292,-3,1,-4,-2,-3,3,4,1,-3
14757395258967641292,0,0,0,0,0,0,0,0,0
14757395258967641292,0,0,0,0,0,0,0,0,0
14757395258967641292,-1,6,-5,4,-2,2,1,0,5
14757395258967641292,0,0,0,0,0,0,0,0,0
14757395258967641292,0,0,0,0,0,0,0,0,0
14757395258967641292,-2,-3,1,-2,1,-4,0,-1,-10
14757395258967641292,-2,-2,-1,-2,0,-1,2,3,-3
14757395258967641292,0,0,0,0,0,0,0,0,0
14757395258967641292,0,0,0,0,0,0,0,0,0
14757395258967641292,-4,4,-3,-2,1,0,-1,-3,-8
14757395258967641292,0,0,0,0,0,0,0,0,0
14757395258967641292,-3,-9,1,2,1,-4,-3,-3,-18
14757395258967641292,0,0,0,0,0,0,0,0,0
14757395258967641292,0,0,0,0,0,0,0,0,0
14757395258967641292,0,2,-4,-5,-4,-1,-1,0,-13
14757395258967641292,0,0,0,0,0,0,0,0,0
14757395258967641292,0,0,0,0,0,0,0,0,0
14757395258967641292,1,3,-1,-2,-1,-2,2,-8,-8
14757395258967641292,5,5,3,-1,-3,-3,-2,1,5
14757395258967641292,0,0,0,0,0,0,0,0,0
14757395258967641292,0,0,0,0,0,0,0,0,0
14757395258967641292,2,-5,-8,-5,-6,3,-4,2,-21
14757395258967641292,0,0,0,0,0,0,0,0,0
14757395258967641292,1,-3,0,-2,-1,2,-1,-2,-6
14757395258967641292,0,0,0,0,0,0,0,0,0
14757395258967641292,0,0,0,0,0,0,0,0,0
14757395258967641292,-1,-1,3,-2,-4,0,-1,5,-1
14757395258967641292,0,0,0,0,0,0,0,0,0
14757395258967641292,0,0,0,0,0,0,0,0,0
14757395258967641292,1,0,3,1,0,-4,-5,-5,-9
14757395258967641292,-1,2,-2,-1,3,-2,-5,0,-6
14757395258967641292,0,0,0,0,0,0,0,0,0
14757395258967641292,0,0,0,0,0,0,0,0,0
14757395258967641292,-1,3,-2,-3,1,-1,-3,-4,-10
14757395258967641292,0,0,0,0,0,0,0,0,0
14757395258967641292,1,-4,0,-1,-2,1,-4,-2,-11
14757395258967641292,0,0,0,0,0,0,0,0,0
14757395258967641292,0,0,0,0,0,0,0,0,0
14757395258967641292,-3,-1,1,0,3,-1,1,-4,-4
14757395258967641292,0,0,0,0,0,0,0,0,0
14757395258967641292,0,0,0,0,0,0,0,0,0
14757395258967641292,-2,-6,3,-1,-2,-2,2,1,-7
14757395258967641292,-3,-4,-4,-5,-5,-5,2,-4,-28
14757395258967641292,0,0,0,0,0,0,0,0,0
14757395258967641292,0,0,0,0,0,0,0,0,0
14757395258967641292,-3,-1,-4,-1,0,-3,4,-3,-11
14757395258967641292,0,0,0,0,0,0,0,0,0
14757395258967641292,4,0,2,-4,-3,-2,-2,-4,-9
14757395258967641292,0,0,0,0,0,0,0,0,0
14757395258967641292,0,0,0,0,0,0,0,0,0
14757395258967641292,1,2,-2,-1,-1,0,-5,-2,-8
14757395258967641292,-3,-2,-2,1,3,4,-2,2,1
14757395258967641292,0,0,0,0,0,0,0,0,0
14757395258967641292,-1,0,2,-2,1,0,-4,0,-4
14757395258967641292,-5,-1,-6,-4,1,-2,0,3,-14
14757395258967641292,0,0,0,0,0,0,0,0,0
14757395258967641292,0,0,0,0,0,0,0,0,0
14757395258967641292,2,-1,4,2,1,1,1,-1,9
14757395258967641292,0,0,0,0,0,0,0,0,0
14757395258967641292,-5,1,0,1,3,-6,2,-5,-9
14757395258967641292,0,0,0,0,0,0,0,0,0
14757395258967641292,0,0,0,0,0,0,0,0,0
14757395258967641292,0,4,-4,0,-4,-5,2,1,-6
14757395258967641292,3,-1,0,-5,0,0,-2,-5,-10
14757395258967641292,0,0,0,0,0,0,0,0,0
14757395258967641292,0,0,0,0,0,0,0,0,0
14757395258967641292,0,0,0,0,0,0,0,0,0
14757395258967641292,-1,0,-4,-1,-4,0,-5,-1,-16
14757395258967641292,0,0,0,0,0,0,0,0,0
14757395258967641292,0,0,0,0,0,0,0,0,0
14757395258967641292,-1,-2,-5,0,1,-1,-2,-3,-13
14757395258967641292,0,1,-3,-2,-5,0,-2,1,-10
14757395258967641292,0,0,0,0,0,0,0,0,0
14757395258967641292,0,0,0,0,0,0,0,0,0
14757395258967641292,-1,-2,0,-3,-5,-6,-1,3,-15
14757395258967641292,0,0,0,0,0,0,0,0,0
14757395258967641292,0,-1,-3,0,0,0,4,-1,-1
14757395258967641292,0,0,0,0,0,0,0,0,0
14757395258967641292,0,0,0,0,0,0,0,0,0
14757395258967641292,-3,1,1,-6,-9,-1,-4,0,-21
14757395258967641292,0,0,0,0,0,0,0,0,0
14757395258967641292,-5,0,2,-1,-1,2,-4,-1,-8
14757395258967641292,0,0,0,0,0,0,0,0,0
14757395258967641292,-5,-3,-1,2,5,0,-6,-3,-11
14757395258967641292,0,0,0,0,0,0,0,0,0
14757395258967641292,0,0,0,0,0,0,0,0,0
14757395258967641292,0,-2,-3,0,0,3,1,-2,-3
14757395258967641292,3,0,1,0,-1,-4,-2,2,-1
14757395258967641292,0,0,0,0,0,0,0,0,0
14757395258967641292,0,0,0,0,0,0,0,0,0
14757395258967641292,0,0,0,0,0,0,0,0,0
14757395258967641292,-2,4,-2,1,1,1,1,-1,3
14757395258967641292,0,0,0,0,0,0,0,0,0
14757395258967641292,2,-3,-1,-6,-4,0,-2,-5,-19
14757395258967641292,0,0,0,0,0,0,0,0,0
14757395258967641292,3,-2,-1,-4,-5,-3,-1,3,-10
14757395258967641292,0,0,0,0,0,0,0,0,0
14757395258967641292,0,0,0,0,0,0,0,0,0
14757395258967641292,2,0,1,-4,-3,0,-1,-1,-6
14757395258967641292,-1,-1,1,3,2,-2,-1,-2,-1
14757395258967641292,0,0,0,0,0,0,0,0,0
14757395258967641292,0,0,0,0,0,0,0,0,0
14757395258967641292,0,0,0,0,0,0,0,0,0
14757395258967641292,-4,-2,-3,-4,-10,-5,-2,1,-29
14757395258967641292,0,0,0,0,0,0,0,0,0
14757395258967641292,5,-3,-1,4,-6,0,3,-2,0
14757395258967641292,0,0,0,0,0,0,0,0,0
14757395258967641292,3,-2,-4,-1,0,0,-1,1,-4
14757395258967641292,0,0,0,0,0,0,0,0,0
14757395258967641292,0,0,0,0,0,0,0,0,0
14757395258967641292,-2,-1,-1,4,1,1,5,4,11
14757395258967641292,0,-4,-6,-6,-5,-1,-1,-1,-24
14757395258967641292,0,0,0,0,0,0,0,0,0
14757395258967641292,0,0,0,0,0,0,0,0,0
14757395258967641292,0,0,0,0,0,0,0,0,0
14757395258967641292,-1,-3,-4,-1,0,-3,-2,-5,-19
14757395258967641292,0,0,0,0,0,0,0,0,0
14757395258967641292,-1,-7,-4,-5,2,1,-5,-2,-21
14757395258967641292,0,0,0,0,0,0,0,0,0
14757395258967641292,-4,-3,2,-4,-1,0,0,-6,-16
14757395258967641292,0,0,0,0,0,0,0,0,0
14757395258967641292,0,0,0,0,0,0,0,0,0
14757395258967641292,-2,-3,0,5,2,5,-3,-1,3
14757395258967641292,0,1,0,-2,1,-1,1,-3,-3
14757395258967641292,0,0,0,0,0,0,0,0,0
14757395258967641292,0,0,0,0,0,0,0,0,0
14757395258967641292,0,0,0,0,0,0,0,0,0
14757395258967641292,3,-5,0,4,12,-1,0,2,15
14757395258967641292,0,0,0,0,0,0,0,0,0
14757395258967641292,-1,3,-3,-2,-1,-2,-7,-1,-14
14757395258967641292,0,0,0,0,0,0,0,0,0
14757395258967641292,-3,1,2,5,6,-2,2,-1,10
14757395258967641292,0,0,0,0,0,0,0,0,0
14757395258967641292,0,0,0,0,0,0,0,0,0
14757395258967641292,-3,-2,0,2,1,-1,-1,-3,-7
14757395258967641292,-1,-1,-1,1,2,-2,0,1,-1
14757395258967641292,0,0,0,0,0,0,0,0,0
14757395258967641292,0,0,0,0,0,0,0,0,0
14757395258967641292,0,0,0,0,0,0,0,0,0
14757395258967641292,1,-1,4,3,-4,-4,3,-5,-3
14757395258967641292,0,0,0,0,0,0,0,0,0
14757395258967641292,-1,-6,-1,-5,3,-5,0,-1,-16
14757395258967641292,0,0,0,0,0,0,0,0,0
14757395258967641292,-2,2,-2,-6,-1,-4,-3,-4,-20
14757395258967641292,0,0,0,0,0,0,0,0,0
14757395258967641292,0,0,0,0,0,0,0,0,0
14757395258967641292,-5,-3,-2,4,4,0,-1,0,-3
14757395258967641292,-3,-4,0,-2,-1,4,3,1,-2
14757395258967641292,0,0,0,0,0,0,0,0,0
14757395258967641292,0,0,0,0,0,0,0,0,0
14757395258967641292,0,0,0,0,0,0,0,0,0
14757395258967641292,-3,-2,0,-1,-6,4,-3,4,-7
14757395258967641292,0,0,0,0,0,0,0,0,0
14757395258967641292,-2,-2,-2,3,3,6,1,-1,6
14757395258967641292,0,0,0,0,0,0,0,0,0
14757395258967641292,-2,-5,-5,-4,-6,0,-1,-2,-25
14757395258967641292,0,0,0,0,0,0,0,0,0
14757395258967641292,0,0,0,0,0,0,0,0,0
14757395258967641292,-4,0,-1,-7,-5,-2,-2,-2,-23
14757395258967641292,0,3,-3,-2,-4,-5,-4,-5,-20
14757395258967641292,0,0,0,0,0,0,0,0,0
14757395258967641292,0,0,0,0,0,0,0,0,0
14757395258967641292,0,0,0,0,0,0,0,0,0
14757395258967641292,0,0,0,0,0,0,0,0,0
14757395258967641292,-8,-4,-3,-5,-2,-2,-1,1,-24
14757395258967641292,-4,-5,-1,-4,-1,0,1,1,-13
14757395258967641292,0,0,0,0,0,0,0,0,0
14757395258967641292,-4,-4,-1,-1,5,1,4,1,1
14757395258967641292,0,0,0,0,0,0,0,0,0
14757395258967641292,0,0,0,0,0,0,0,0,0
14757395258967641292,3,3,0,-1,-2,-1,-4,-3,-5
14757395258967641292,-3,0,3,3,-2,3,-2,3,5
14757395258967641292,0,0,0,0,0,0,0,0,0
14757395258967641292,0,0,0,0,0,0,0,0,0
14757395258967641292,0,0,0,0,0,0,0,0,0
14757395258967641292,1,-4,-1,3,1,0,1,-2,-1
14757395258967641292,0,0,0,0,0,0,0,0,0
14757395258967641292,1,2,-1,0,2,-1,-1,3,5
14757395258967641292,0,0,0,0,0,0,0,0,0
14757395258967641292,-2,1,-2,0,-2,2,-4,0,-7
14757395258967641292,0,0,0,0,0,0,0,0,0
14757395258967641292,0,0,0,0,0,0,0,0,0
14757395258967641292,-3,-2,1,2,-1,1,-1,-3,-6
14757395258967641292,0,0,0,0,0,0,0,0,0
14757395258967641292,0,0,0,0,0,0,0,0,0
14757395258967641292,3,-2,-3,-4,0,0,1,-4,-9
14757395258967641292,-4,-3,0,0,0,-2,2,2,-5
14757395258967641292,3,-4,-3,-2,0,0,0,1,-5
14757395258967641292,0,0,0,0,0,0,0,0,0
14757395258967641292,-1,-3,-3,-2,1,-5,-2,-6,-21
14757395258967641292,0,0,0,0,0,0,0,0,0
14757395258967641292,-4,-1,-2,-7,-7,-4,-4,-1,-30
14757395258967641292,0,0,0,0,0,0,0,0,0
14757395258967641292,0,0,0,0,0,0,0,0,0
14757395258967641292,2,1,1,-1,0,-4,-1,0,-2
14757395258967641292,-3,6,1,-1,-2,-3,1,-2,-3
14757395258967641292,0,0,0,0,0,0,0,0,0
14757395258967641292,0,0,0,0,0,0,0,0,0
14757395258967641292,-1,3,0,-3,-4,2,0,1,-2
14757395258967641292,0,0,0,-4,-7,0,-1,-6,-18
14757395258967641292,0,0,0,0,0,0,0,0,0
14757395258967641292,-6,-2,-6,-3,-5,1,-7,-3,-31
14757395258967641292,0,0,0,0,0,0,0,0,0
14757395258967641292,1,-4,1,-2,-3,1,-2,0,-8
14757395258967641292,0,0,0,0,0,0,0,0,0
14757395258967641292,0,0,0,0,0,0,0,0,0
14757395258967641292,1,2,1,2,2,-3,-3,-4,-2
14757395258967641292,-2,0,-3,-2,3,1,0,-4,-7
14757395258967641292,0,0,0,0,0,0,0,0,0
14757395258967641292,0,0,0,0,0,0,0,0,0
14757395258967641292,0,0,0,0,0,0,0,0,0
14757395258967641292,4,-4,1,5,2,-3,0,0,5
14757395258967641292,0,0,0,0,0,0,0,0,0
14757395258967641292,-5,-3,-3,-3,-4,-3,1,0,-20
14757395258967641292,0,0,0,0,0,0,0,0,0
14757395258967641292,2,4,1,-4,-5,-1,0,2,-1
14757395258967641292,0,0,0,0,0,0,0,0,0
14757395258967641292,0,0,0,0,0,0,0,0,0
14757395258967641292,0,-2,2,1,-5,3,4,-4,-1
14757395258967641292,0,0,0,0,0,0,0,0,0
14757395258967641292,-7,5,2,2,-3,-3,2,3,1
14757395258967641292,0,0,0,0,0,0,0,0,0
14757395258967641292,0,0,0,0,0,0,0,0,0
14757395258967641292,-1,-1,-6,-6,-5,-4,-5,-3,-31
14757395258967641292,0,0,0,0,0,0,0,0,0
14757395258967641292,3,0,0,-3,1,-6,1,-2,-6
14757395258967641292,0,0,0,0,0,0,0,0,0
14757395258967641292,1,-3,2,-2,-5,-5,-5,-1,-18
14757395258967641292,0,0,0,0,0,0,0,0,0
14757395258967641292,0,0,0,0,0,0,0,0,0
14757395258967641292,-2,3,0,-6,-3,-3,-3,4,-10
14757395258967641292,0,0,-1,1,-2,4,0,2,4
14757395258967641292,0,0,0,0,0,0,0,0,0
14757395258967641292,0,0,0,0,0,0,0,0,0
14757395258967641292,0,0,0,0,0,0,0,0,0
14757395258967641292,-3,0,1,1,0,3,-3,1,0
14757395258967641292,0,0,0,0,0,0,0,0,0
14757395258967641292,-5,2,-4,-6,5,0,1,0,-7
14757395258967641292,0,0,0,0,0,0,0,0,0
14757395258967641292,1,2,-1,-2,-2,2,3,-1,2
14757395258967641292,0,0,0,0,0,0,0,0,0
14757395258967641292,0,0,0,0,0,0,0,0,0
14757395258967641292,1,-1,0,0,-1,0,0,1,0
14757395258967641292,0,0,0,0,0,0,0,0,0
14757395258967641292,-2,-3,-2,-2,4,-1,-1,-4,-11
14757395258967641292,0,0,0,0,0,0,0,0,0
14757395258967641292,4,4,0,-4,-6,-4,-6,-4,-16
14757395258967641292,0,0,0,0,0,0,0,0,0
14757395258967641292,3,3,-3,2,-3,0,-3,-3,-4
14757395258967641292,0,0,0,0,0,0,0,0,0
14757395258967641292,2,-1,4,2,4,1,-2,2,12
14757395258967641292,-2,-3,-1,-3,-2,-4,1,-1,-15
14757395258967641292,0,0,0,0,0,0,0,0,0
14757395258967641292,0,0,0,0,0,0,0,0,0
14757395258967641292,-1,-1,0,3,0,-1,0,0,0
14757395258967641292,-1,-2,-3,1,6,4,1,4,10
14757395258967641292,0,0,0,0,0,0,0,0,0
14757395258967641292,0,0,0,0,0,0,0,0,0
14757395258967641292,-5,1,1,4,-3,-3,-3,-2,-10
14757395258967641292,0,0,0,0,0,0,0,0,0
14757395258967641292,-5,-5,1,-1,-3,-4,2,-2,-17
14757395258967641292,0,0,0,0,0,0,0,0,0
14757395258967641292,0,0,0,0,0,0,0,0,0
14757395258967641292,-1,-3,-2,-6,-8,-4,-3,-2,-29
14757395258967641292,0,0,0,0,0,0,0,0,0
14757395258967641292,0,0,0,0,0,0,0,0,0
14757395258967641292,5,0,-1,-3,-8,-6,-8,1,-20
14757395258967641292,0,1,1,0,3,-5,-1,-1,-2
14757395258967641292,0,0,0,0,0,0,0,0,0
14757395258967641292,0,0,0,0,0,0,0,0,0
14757395258967641292,2,0,-6,-4,1,-6,-1,-8,-22
14757395258967641292,0,0,0,0,0,0,0,0,0
14757395258967641292,-2,0,0,0,0,-5,-4,-3,-14
14757395258967641292,0,0,0,0,0,0,0,0,0
14757395258967641292,0,0,0,0,0,0,0,0,0
14757395258967641292,-2,-2,-1,-3,-3,-4,-2,-5,-22
14757395258967641292,0,0,0,0,0,0,0,0,0
14757395258967641292,0,0,0,0,0,0,0,0,0
14757395258967641292,2,-1,3,0,0,4,-1,1,8
14757395258967641292,-1,3,-2,3,5,-3,-3,0,2
14757395258967641292,0,0,0,0,0,0,0,0,0
14757395258967641292,0,0,0,0,0,0,0,0,0
14757395258967641292,-3,1,-1,-7,-2,0,2,0,-10
14757395258967641292,0,0,0,0,0,0,0,0,0
14757395258967641292,-2,1,0,-3,-7,0,-1,3,-9
14757395258967641292,0,0,0,0,0,0,0,0,0
14757395258967641292,0,0,0,0,0,0,0,0,0
14757395258967641292,3,0,2,-1,1,1,1,1,8
14757395258967641292,0,0,0,0,0,0,0,0,0
14757395258967641292,0,0,0,0,0,0,0,0,0
14757395258967641292,-6,-6,4,1,0,-3,-2,0,-12
14757395258967641292,2,1,-3,-5,-1,1,-2,0,-7
14757395258967641292,0,0,0,0,0,0,0,0,0
14757395258967641292,0,0,0,0,0,0,0,0,0
14757395258967641292,1,-4,-3,-2,-1,2,0,4,-3
14757395258967641292,0,0,0,0,0,0,0,0,0
14757395258967641292,-3,-3,1,2,2,1,2,-1,1
14757395258967641292,0,0,0,0,0,0,0,0,0
14757395258967641292,0,0,0,0,0,0,0,0,0
14757395258967641292,0,-2,-3,4,6,1,1,1,8
14757395258967641292,0,0,0,0,0,0,0,0,0
14757395258967641292,0,0,0,0,0,0,0,0,0
14757395258967641292,1,-7,3,-2,-5,-5,0,-1,-16
14757395258967641292,1,-4,0,-2,0,-4,-1,-2,-12
14757395258967641292,0,0,0,0,0,0,0,0,0
14757395258967641292,0,0,0,0,0,0,0,0,0
14757395258967641292,0,1,-2,-3,-3,1,-1,0,-7
14757395258967641292,0,0,0,0,0,0,0,0,0
14757395258967641292,-6,-3,-7,-2,-8,-3,-1,-1,-31
14757395258967641292,0,0,0,0,0,0,0,0,0
14757395258967641292,0,0,0,0,0,0,0,0,0
14757395258967641292,1,-3,0,-1,-4,1,-1,-4,-11
14757395258967641292,0,0,0,0,0,0,0,0,0
14757395258967641292,0,0,0,0,0,0,0,0,0
14757395258967641292,-5,1,-1,-3,-5,-1,-4,-4,-22
14757395258967641292,-1,-1,0,-4,-1,2,-3,3,-5
14757395258967641292,0,0,0,0,0,0,0,0,0
14757395258967641292,0,0,0,0,0,0,0,0,0
14757395258967641292,-4,-3,-4,0,2,-1,1,1,-8
14757395258967641292,0,0,0,0,0,0,0,0,0
14757395258967641292,3,0,-5,-2,4,2,-2,-2,-2
14757395258967641292,0,0,0,0,0,0,0,0,0
14757395258967641292,0,0,0,0,0,0,0,0,0
14757395258967641292,-2,-2,4,-5,-5,-7,-4,-2,-23
14757395258967641292,0,0,0,0,0,0,0,0,0
14757395258967641292,0,0,0,0,0,0,0,0,0
14757395258967641292,2,0,2,1,1,-7,-2,-5,-8
14757395258967641292,-1,-2,2,1,-1,-1,-4,-3,-9
14757395258967641292,0,0,0,0,0,0,0,0,0
14757395258967641292,0,0,0,0,0,0,0,0,0
14757395258967641292,-2,-1,1,0,-4,2,0,-3,-7
14757395258967641292,0,0,0,0,0,0,0,0,0
14757395258967641292,2,0,-4,-1,-7,-1,2,-1,-10
14757395258967641292,0,0,0,0,0,0,0,0,0
14757395258967641292,0,0,0,0,0,0,0,0,0
14757395258967641292,-4,3,3,3,-3,2,0,0,4
14757395258967641292,0,0,0,0,0,0,0,0,0
14757395258967641292,0,0,0,0,0,0,0,0,0
14757395258967641292,3,-7,-3,-5,-3,1,-4,-1,-19
14757395258967641292,-2,5,0,0,0,1,-6,-2,-4
14757395258967641292,0,0,0,0,0,0,0,0,0
14757395258967641292,0,0,0,0,0,0,0,0,0
14757395258967641292,0,-3,3,-2,-1,-5,-1,-1,-10
14757395258967641292,0,0,0,0,0,0,0,0,0
14757395258967641292,0,-4,-2,-1,-7,1,-1,0,-14
14757395258967641292,0,0,0,0,0,0,0,0,0
14757395258967641292,0,0,0,0,0,0,0,0,0
14757395258967641292,0,2,2,2,1,0,2,1,10
14757395258967641292,0,0,0,0,0,0,0,0,0
14757395258967641292,0,0,0,0,0,0,0,0,0
14757395258967641292,-1,-2,0,1,-2,3,1,4,4
14757395258967641292,0,-3,-1,-7,1,-4,1,-5,-18
14757395258967641292,0,0,0,0,0,0,0,0,0
14757395258967641292,0,0,0,0,0,0,0,0,0
14757395258967641292,-3,-6,-1,0,4,2,-2,3,-3
14757395258967641292,0,0,0,0,0,0,0,0,0
14757395258967641292,3,1,-2,0,2,-4,-1,1,0
14757395258967641292,0,0,0,0,0,0,0,0,0
14757395258967641292,0,0,0,0,0,0,0,0,0
14757395258967641292,-3,-2,-1,-4,-3,0,0,-3,-16
14757395258967641292,0,0,0,0,0,0,0,0,0
14757395258967641292,0,0,0,0,0,0,0,0,0
14757395258967641292,-5,1,-2,5,2,0,3,3,7
14757395258967641292,-8,-3,0,-1,3,-6,-1,-1,-17
14757395258967641292,0,0,0,0,0,0,0,0,0
14757395258967641292,0,0,0,0,0,0,0,0,0
14757395258967641292,2,3,4,-5,-9,2,-4,-3,-10
14757395258967641292,0,0,0,0,0,0,0,0,0
14757395258967641292,-2,1,0,-1,-4,1,-4,-1,-10
14757395258967641292,0,0,0,0,0,0,0,0,0
14757395258967641292,0,0,0,0,0,0,0,0,0
14757395258967641292,-3,0,-1,1,1,2,-2,3,1
14757395258967641292,0,0,0,0,0,0,0,0,0
14757395258967641292,0,0,0,0,0,0,0,0,0
14757395258967641292,0,2,-1,2,7,0,1,1,12
14757395258967641292,-1,-3,1,0,4,-4,-2,1,-4
14757395258967641292,0,0,0,0,0,0,0,0,0
14757395258967641292,0,0,0,0,0,0,0,0,0
14757395258967641292,0,0,0,0,0,0,0,0,0
14757395258967641292,0,0,0,0,0,0,0,0,0
14757395258967641292,2,-1,-4,-1,-2,-1,0,-3,-10
14757395258967641292,0,0,0,0,0,0,0,0,0
14757395258967641292,0,0,0,0,0,0,0,0,0
14757395258967641292,1,5,0,0,-6,-2,-2,0,-4
14757395258967641292,0,0,0,0,0,0,0,0,0
14757395258967641292,0,0,0,0,0,0,0,0,0
14757395258967641292,2,3,0,-1,-1,-4,-3,-3,-7
14757395258967641292,2,-1,0,-1,-4,-3,-1,-2,-10
14757395258967641292,0,0,0,0,0,0,0,0,0
14757395258967641292,0,0,0,0,0,0,0,0,0
14757395258967641292,-1,-1,-3,-3,-6,-2,-2,6,-12
14757395258967641292,0,0,0,0,0,0,0,0,0
14757395258967641292,3,-2,3,-1,-4,2,1,3,5
14757395258967641292,0,0,0,0,0,0,0,0,0
14757395258967641292,0,0,0,0,0,0,0,0,0
14757395258967641292,1,-2,-1,0,-1,4,-2,-5,-6
14757395258967641292,0,0,0,0,0,0,0,0,0
14757395258967641292,0,0,0,0,0,0,0,0,0
14757395258967641292,-1,-1,-1,-3,-7,-3,-6,-3,-25
14757395258967641292,-4,1,-1,0,-3,-2,-1,1,-9
14757395258967641292,0,0,0,0,0,0,0,0,0
14757395258967641292,0,0,0,0,0,0,0,0,0
14757395258967641292,-2,-1,-2,-2,-1,-4,-2,-2,-16
14757395258967641292,0,0,0,0,0,0,0,0,0
14757395258967641292,-1,-4,-2,-2,-6,-4,-2,-1,-22
14757395258967641292,0,0,0,0,0,0,0,0,0
14757395258967641292,0,0,0,0,0,0,0,0,0
14757395258967641292,-2,-5,-2,2,1,2,3,1,0
14757395258967641292,0,0,0,0,0,0,0,0,0
14757395258967641292,0,0,0,0,0,0,0,0,0
14757395258967641292,-2,1,1,2,2,5,1,-1,9
14757395258967641292,1,3,-5,-5,1,1,-2,-1,-7
14757395258967641292,0,0,0,0,0,0,0,0,0
14757395258967641292,0,0,0,0,0,0,0,0,0
14757395258967641292,-2,-3,-1,-6,-2,1,1,-1,-13
14757395258967641292,0,0,0,0,0,0,0,0,0
14757395258967641292,1,-5,-2,-3,-3,-1,0,-3,-16
14757395258967641292,0,0,0,0,0,0,0,0,0
14757395258967641292,0,0,0,0,0,0,0,0,0
14757395258967641292,-1,-4,-4,0,-2,-5,1,1,-14
14757395258967641292,0,0,0,0,0,0,0,0,0
14757395258967641292,0,0,0,0,0,0,0,0,0
14757395258967641292,0,-1,-3,-4,-5,-5,-3,-2,-23
14757395258967641292,-3,0,-1,1,0,-5,-1,-3,-12
14757395258967641292,0,0,0,0,0,0,0,0,0
14757395258967641292,0,0,0,0,0,0,0,0,0
14757395258967641292,-2,1,0,3,7,-2,2,-2,7
14757395258967641292,0,0,0,0,0,0,0,0,0
14757395258967641292,2,0,-1,-4,-10,-2,0,-2,-17
14757395258967641292,0,0,0,0,0,0,0,0,0
14757395258967641292,0,0,0,0,0,0,0,0,0
14757395258967641292,-2,-3,0,-9,-4,0,0,0,-18
14757395258967641292,0,0,0,0,0,0,0,0,0
14757395258967641292,-2,0,-3,3,4,0,-2,3,3
14757395258967641292,-7,0,-2,5,2,-1,-3,2,-4
14757395258967641292,-1,-5,3,1,4,1,-5,4,2
14757395258967641292,0,0,0,0,0,0,0,0,0
14757395258967641292,0,0,0,0,0,0,0,0,0
14757395258967641292,-4,-1,-2,2,-1,-2,-1,-1,-10
14757395258967641292,0,0,0,0,0,0,0,0,0
14757395258967641292,0,-2,-4,2,0,0,5,-3,-2
14757395258967641292,0,0,0,0,0,0,0,0,0
14757395258967641292,0,0,0,0,0,0,0,0,0
14757395258967641292,2,-2,-2,1,3,2,3,-1,6
14757395258967641292,0,0,0,0,0,0,0,0,0
14757395258967641292,1,1,0,0,4,1,-3,0,4
14757395258967641292,0,0,0,0,0,0,0,0,0
14757395258967641292,0,0,0,0,0,0,0,0,0
14757395258967641292,-2,-1,1,1,-2,2,-3,-1,-5
14757395258967641292,0,0,0,0,0,0,0,0,0
14757395258967641292,3,-2,-1,0,0,1,-1,-1,-1
14757395258967641292,0,0,0,0,0,0,0,0,0
14757395258967641292,-2,-3,-2,-6,1,-4,3,-5,-18
14757395258967641292,0,0,0,0,0,0,0,0,0
14757395258967641292,0,0,0,0,0,0,0,0,0
14757395258967641292,-1,-2,-5,-6,-5,-5,1,-2,-25
14757395258967641292,0,0,0,0,0,0,0,0,0
14757395258967641292,1,4,0,-4,-1,0,-4,-1,-5
14757395258967641292,0,0,0,0,0,0,0,0,0
14757395258967641292,0,0,0,0,0,0,0,0,0
14757395258967641292,0,0,-1,0,-1,-1,-1,1,-3
14757395258967641292,0,0,0,0,0,0,0,0,0
14757395258967641292,-3,-2,1,0,-2,-2,-2,3,-7
14757395258967641292,0,0,0,0,0,0,0,0,0
14757395258967641292,2,-2,-1,-1,-2,-2,0,0,-6
14757395258967641292,0,0,0,0,0,0,0,0,0
14757395258967641292,0,0,0,0,0,0,0,0,0
14757395258967641292,2,-2,-2,-2,-1,-7,-3,-1,-16
14757395258967641292,0,0,0,0,0,0,0,0,0
14757395258967641292,-2,-6,-4,-1,1,-3,5,-2,-12
14757395258967641292,0,0,0,0,0,0,0,0,0
14757395258967641292,-2,0,-4,-4,6,3,-2,-6,-9
14757395258967641292,-2,2,1,-2,1,-3,-7,-3,-13
14757395258967641292,0,0,0,0,0,0,0,0,0
14757395258967641292,0,-2,-5,-2,0,1,-2,-3,-13
14757395258967641292,0,0,0,0,0,0,0,0,0
14757395258967641292,-4,2,-1,-6,-7,1,-7,-1,-23
14757395258967641292,0,0,0,0,0,0,0,0,0
14757395258967641292,0,0,0,0,0,0,0,0,0
14757395258967641292,1,0,-4,-2,-3,1,1,-3,-9
14757395258967641292,1,-5,3,1,-1,0,-6,-1,-8
14757395258967641292,0,0,0,0,0,0,0,0,0
14757395258967641292,0,0,0,0,0,0,0,0,0
14757395258967641292,-2,-8,0,3,0,1,0,-2,-8
14757395258967641292,-1,-3,-7,-5,-3,0,3,-2,-18
14757395258967641292,0,0,0,0,0,0,0,0,0
14757395258967641292,4,-4,-1,-3,-5,-3,0,-1,-13
14757395258967641292,0,0,0,0,0,0,0,0,0
14757395258967641292,-3,3,0,2,0,1,-1,2,4
14757395258967641292,0,0,0,0,0,0,0,0,0
14757395258967641292,0,0,0,0,0,0,0,0,0
14757395258967641292,-5,-1,-2,-1,1,5,-1,3,-1
14757395258967641292,1,4,2,-4,-1,0,-1,1,2
14757395258967641292,0,0,0,0,0,0,0,0,0
14757395258967641292,0,0,0,0,0,0,0,0,0
14757395258967641292,-3,-2,0,-6,2,-3,0,-4,-16
14757395258967641292,-2,-5,-3,-1,-5,-1,-3,-6,-26
14757395258967641292,0,0,0,0,0,0,0,0,0
14757395258967641292,3,2,1,3,-1,-4,1,2,7
14757395258967641292,0,0,0,0,0,0,0,0,0
14757395258967641292,-3,0,-2,-5,-6,-4,1,-2,-21
14757395258967641292,0,0,0,0,0,0,0,0,0
14757395258967641292,0,0,0,0,0,0,0,0,0
14757395258967641292,-3,-5,-1,0,2,0,-3,-1,-11
14757395258967641292,-2,-3,-6,0,1,0,-1,-2,-13
14757395258967641292,0,0,0,0,0,0,0,0,0
14757395258967641292,0,0,0,0,0,0,0,0,0
14757395258967641292,-2,-3,-1,1,0,1,2,0,-2
14757395258967641292,3,5,4,6,4,1,3,4,30
14757395258967641292,0,0,0,0,0,0,0,0,0
14757395258967641292,0,0,0,0,0,0,0,0,0
14757395258967641292,1,4,-6,-3,-5,-3,-5,-2,-19
14757395258967641292,-6,-1,6,-2,-7,-4,-2,-1,-17
14757395258967641292,0,0,0,0,0,0,0,0,0
14757395258967641292,0,0,0,0,0,0,0,0,0
14757395258967641292,-6,-1,1,0,3,1,0,-1,-3
14757395258967641292,0,0,0,0,0,0,0,0,0
14757395258967641292,3,-2,-3,-1,-1,-1,2,3,0
14757395258967641292,0,0,0,0,0,0,0,0,0
14757395258967641292,0,0,0,0,0,0,0,0,0
14757395258967641292,-1,-3,-1,2,0,0,-1,-6,-10
14757395258967641292,0,0,0,0,0,0,0,0,0
14757395258967641292,2,0,1,-1,-1,0,1,0,2
14757395258967641292,0,0,0,0,0,0,0,0,0
14757395258967641292,3,-2,-3,-2,3,0,-3,-2,-6
14757395258967641292,0,0,0,0,0,0,0,0,0
14757395258967641292,0,0,0,0,0,0,0,0,0
14757395258967641292,-3,-1,1,0,-5,-2,-1,-2,-13
14757395258967641292,0,0,0,0,0,0,0,0,0
14757395258967641292,0,0,0,0,0,0,0,0,0
14757395258967641292,-1,-5,-6,-1,-2,-3,0,0,-18
14757395258967641292,0,0,0,0,0,0,0,0,0
14757395258967641292,-5,-1,-4,-4,-4,0,-3,1,-20
14757395258967641292,0,0,0,0,0,0,0,0,0
14757395258967641292,-1,-5,-4,-5,-6,-5,-1,2,-25
14757395258967641292,0,0,0,0,0,0,0,0,0
14757395258967641292,2,4,-2,-3,-2,-2,3,1,1
14757395258967641292,0,0,0,0,0,0,0,0,0
14757395258967641292,0,0,0,0,0,0,0,0,0
14757395258967641292,2,-2,-4,-3,-4,3,-1,-5,-14
14757395258967641292,0,0,0,0,0,0,0,0,0
14757395258967641292,1,-3,-2,-2,2,-6,-2,1,-11
14757395258967641292,0,0,0,0,0,0,0,0,0
14757395258967641292,0,0,0,0,0,0,0,0,0
14757395258967641292,-1,0,-2,-3,-4,0,-1,1,-10
14757395258967641292,0,0,0,0,0,0,0,0,0
14757395258967641292,-2,-1,-4,-2,-2,-6,-2,-1,-20
14757395258967641292,0,0,0,0,0,0,0,0,0
14757395258967641292,-6,-2,0,1,1,-4,-2,-1,-13
14757395258967641292,0,0,0,0,0,0,0,0,0
14757395258967641292,0,0,0,0,0,0,0,0,0
14757395258967641292,0,4,-5,0,-1,-2,0,2,-2
14757395258967641292,0,0,0,0,0,0,0,0,0
14757395258967641292,0,4,-2,-1,-2,-2,-1,0,-4
14757395258967641292,0,0,0,0,0,0,0,0,0
14757395258967641292,0,0,0,0,0,0,0,0,0
14757395258967641292,-5,-2,-4,4,5,0,2,-3,-3
14757395258967641292,0,0,0,0,0,0,0,0,0
14757395258967641292,-1,-2,0,0,1,-1,3,0,0
14757395258967641292,0,0,0,0,0,0,0,0,0
14757395258967641292,1,-3,-2,1,-2,0,0,-1,-6
14757395258967641292,0,0,0,0,0,0,0,0,0
14757395258967641292,0,0,0,0,0,0,0,0,0
14757395258967641292,-4,-1,-1,0,3,-3,0,1,-5
14757395258967641292,0,0,0,0,0,0,0,0,0
14757395258967641292,-1,2,2,0,-7,-2,3,2,-1
14757395258967641292,0,0,0,0,0,0,0,0,0
14757395258967641292,0,0,0,0,0,0,0,0,0
14757395258967641292,-3,-1,-2,0,-3,2,1,0,-6
14757395258967641292,0,0,0,0,0,0,0,0,0
14757395258967641292,-2,-1,-5,-5,-9,-2,-4,-4,-32
14757395258967641292,0,0,0,0,0,0,0,0,0
14757395258967641292,2,-3,-2,1,-1,-1,-5,1,-8
14757395258967641292,0,0,0,0,0,0,0,0,0
14757395258967641292,0,0,0,0,0,0,0,0,0
14757395258967641292,0,-2,0,-1,1,-5,-1,-4,-12
14757395258967641292,0,0,0,0,0,0,0,0,0
14757395258967641292,-1,-5,-3,0,4,2,1,-2,-4
14757395258967641292,0,0,0,0,0,0,0,0,0
14757395258967641292,0,0,0,0,0,0,0,0,0
14757395258967641292,0,-1,3,-6,-3,-2,2,-3,-10
14757395258967641292,0,0,0,0,0,0,0,0,0
14757395258967641292,5,-2,-1,4,4,4,-4,4,14
14757395258967641292,0,0,0,0,0,0,0,0,0
14757395258967641292,0,4,-2,-4,-5,-1,-5,-2,-15
14757395258967641292,0,0,0,0,0,0,0,0,0
14757395258967641292,0,0,0,0,0,0,0,0,0
14757395258967641292,-1,-1,0,-6,-3,6,3,-1,-3
14757395258967641292,0,0,0,0,0,0,0,0,0
14757395258967641292,4,-4,-1,-4,-5,-5,-2,-2,-19
14757395258967641292,0,0,0,0,0,0,0,0,0
14757395258967641292,0,-4,-1,-1,1,-1,-3,2,-7
14757395258967641292,-4,0,3,-5,-2,0,-4,-4,-16
14757395258967641292,0,0,0,0,0,0,0,0,0
14757395258967641292,0,0,0,0,0,0,0,0,0
14757395258967641292,-1,-5,0,0,-5,0,-3,-2,-16
14757395258967641292,0,-3,3,2,-3,-1,2,-1,-1
14757395258967641292,0,0,0,0,0,0,0,0,0
14757395258967641292,0,0,0,0,0,0,0,0,0
14757395258967641292,3,3,-1,-1,-2,0,-6,-2,-6
14757395258967641292,1,-3,0,-2,-6,3,1,-1,-7
14757395258967641292,0,0,0,0,0,0,0,0,0
14757395258967641292,0,0,0,0,0,0,0,0,0
14757395258967641292,-1,0,0,0,-7,-6,0,-4,-18
14757395258967641292,-2,1,0,0,3,-1,3,0,4
14757395258967641292,0,0,0,0,0,0,0,0,0
14757395258967641292,-7,-2,1,-3,-6,-2,-2,-4,-25
14757395258967641292,0,0,0,0,0,0,0,0,0
14757395258967641292,3,-2,-3,-4,-5,-1,-3,-5,-20
14757395258967641292,0,0,0,0,0,0,0,0,0
14757395258967641292,0,0,0,0,0,0,0,0,0
14757395258967641292,-4,-1,2,-3,2,-1,0,-3,-8
14757395258967641292,-4,-4,-2,-3,-4,3,-3,-3,-20
14757395258967641292,0,0,0,0,0,0,0,0,0
14757395258967641292,0,0,0,0,0,0,0,0,0
14757395258967641292,-1,-1,-2,-3,-2,-1,-1,-1,-12
14757395258967641292,4,-2,-4,-2,2,-3,-1,3,-3
14757395258967641292,0,0,0,0,0,0,0,0,0
14757395258967641292,-6,2,1,3,-1,2,-2,-2,-3
14757395258967641292,0,0,0,0,0,0,0,0,0
14757395258967641292,-4,2,1,-1,0,-3,-1,0,-6
14757395258967641292,0,0,0,0,0,0,0,0,0
14757395258967641292,0,0,0,0,0,0,0,0,0
14757395258967641292,2,5,-3,4,4,-1,6,-2,15
14757395258967641292,1,0,-1,1,3,-1,-4,-1,-2
14757395258967641292,0,0,0,0,0,0,0,0,0
14757395258967641292,0,0,0,0,0,0,0,0,0
14757395258967641292,-2,-3,-2,-1,-6,-3,1,-1,-17
14757395258967641292,0,0,0,0,0,0,0,0,0
14757395258967641292,-3,0,-1,-2,-7,-5,1,-2,-19
14757395258967641292,0,-2,-4,2,-1,0,2,2,-1
14757395258967641292,0,0,0,0,0,0,0,0,0
14757395258967641292,0,0,-1,0,1,-4,-3,-2,-9
14757395258967641292,0,0,0,0,0,0,0,0,0
14757395258967641292,0,0,0,0,0,0,0,0,0
14757395258967641292,0,0,-2,-4,-7,-6,-3,-4,-26
14757395258967641292,-4,-3,-1,-4,1,-2,1,-1,-13
14757395258967641292,0,0,0,0,0,0,0,0,0
14757395258967641292,0,0,0,0,0,0,0,0,0
14757395258967641292,-2,0,-2,0,2,-3,4,0,-1
14757395258967641292,0,0,0,0,0,0,0,0,0
14757395258967641292,-3,3,-1,2,-2,1,-2,3,1
14757395258967641292,0,0,0,0,0,0,0,0,0
14757395258967641292,0,0,0,0,0,0,0,0,0
14757395258967641292,4,1,-3,0,4,2,2,-2,8
14757395258967641292,0,0,0,0,0,0,0,0,0
14757395258967641292,0,0,0,0,0,0,0,0,0
14757395258967641292,0,2,-4,0,3,3,6,2,12
14757395258967641292,1,3,-3,0,-2,-2,0,-2,-5
14757395258967641292,0,0,0,0,0,0,0,0,0
14757395258967641292,0,0,0,0,0,0,0,0,0
14757395258967641292,-3,-2,-4,-6,-6,-4,-4,1,-28
14757395258967641292,0,0,0,0,0,0,0,0,0
14757395258967641292,2,-1,0,-4,0,1,-3,-1,-6
14757395258967641292,0,0,0,0,0,0,0,0,0
14757395258967641292,0,0,0,0,0,0,0,0,0
14757395258967641292,-4,-2,2,-5,-3,-1,-2,2,-13
14757395258967641292,0,0,0,0,0,0,0,0,0
14757395258967641292,0,0,0,0,0,0,0,0,0
14757395258967641292,-1,-1,-2,-3,0,-2,-6,1,-14
14757395258967641292,-1,0,-1,-1,-3,1,0,-2,-7
14757395258967641292,0,0,0,0,0,0,0,0,0
14757395258967641292,0,0,0,0,0,0,0,0,0
14757395258967641292,1,-4,6,-2,-4,-2,-2,-3,-10
14757395258967641292,0,0,0,0,0,0,0,0,0
14757395258967641292,-3,-6,-2,3,-1,-3,-4,2,-14
14757395258967641292,0,0,0,0,0,0,0,0,0
14757395258967641292,0,0,0,0,0,0,0,0,0
14757395258967641292,-1,-2,0,0,-3,2,0,-6,-10
14757395258967641292,0,0,0,0,0,0,0,0,0
14757395258967641292,0,0,0,0,0,0,0,0,0
14757395258967641292,-1,-2,1,2,-1,-2,-3,2,-4
14757395258967641292,-4,-2,0,-4,-2,2,-1,1,-10
14757395258967641292,0,0,0,0,0,0,0,0,0
14757395258967641292,0,0,0,0,0,0,0,0,0
14757395258967641292,-4,-1,0,2,2,1,1,-4,-3
14757395258967641292,0,0,0,0,0,0,0,0,0
14757395258967641292,0,-1,4,-1,-5,-4,-1,4,-4
14757395258967641292,0,0,0,0,0,0,0,0,0
14757395258967641292,0,0,0,0,0,0,0,0,0
14757395258967641292,2,1,-1,0,1,0,1,-1,3
14757395258967641292,0,0,0,0,0,0,0,0,0
14757395258967641292,0,0,0,0,0,0,0,0,0
14757395258967641292,-1,-5,-1,-4,-2,2,1,0,-10
14757395258967641292,-3,0,-1,1,-3,-3,2,-3,-10
14757395258967641292,0,0,0,0,0,0,0,0,0
14757395258967641292,0,0,0,0,0,0,0,0,0
14757395258967641292,5,-3,-5,-4,-4,-1,-1,1,-12
14757395258967641292,0,0,0,0,0,0,0,0,0
14757395258967641292,1,0,-6,-1,0,2,-2,-2,-8
14757395258967641292,0,0,0,0,0,0,0,0,0
14757395258967641292,0,0,0,0,0,0,0,0,0
14757395258967641292,-1,0,2,5,-3,4,2,0,9
14757395258967641292,0,0,0,0,0,0,0,0,0
14757395258967641292,0,0,0,0,0,0,0,0,0
14757395258967641292,1,4,-1,-4,-10,0,-2,0,-12
14757395258967641292,0,-2,-1,-2,-3,0,0,-1,-9
14757395258967641292,0,0,0,0,0,0,0,0,0
14757395258967641292,0,0,0,0,0,0,0,0,0
14757395258967641292,-2,-2,-3,-3,3,-1,-2,-1,-11
14757395258967641292,0,0,0,0,0,0,0,0,0
14757395258967641292,-5,-1,-3,-2,-3,-5,0,-2,-21
14757395258967641292,0,0,0,0,0,0,0,0,0
14757395258967641292,0,0,0,0,0,0,0,0,0
14757395258967641292,1,1,4,2,1,0,-1,-1,7
14757395258967641292,0,0,0,0,0,0,0,0,0
14757395258967641292,0,0,0,0,0,0,0,0,0
14757395258967641292,-4,-1,2,-6,-4,1,-1,2,-11
14757395258967641292,-2,-2,2,0,-7,-3,-2,-4,-18
14757395258967641292,0,0,0,0,0,0,0,0,0
14757395258967641292,0,0,0,0,0,0,0,0,0
14757395258967641292,-2,-3,3,5,0,-2,3,0,4
14757395258967641292,0,0,0,0,0,0,0,0,0
14757395258967641292,-4,3,-4,-3,-1,-2,-1,-2,-14
14757395258967641292,0,0,0,0,0,0,0,0,0
14757395258967641292,0,0,0,0,0,0,0,0,0
14757395258967641292,-5,-3,-3,4,3,-2,1,0,-5
14757395258967641292,0,0,0,0,0,0,0,0,0
14757395258967641292,0,0,0,0,0,0,0,0,0
14757395258967641292,0,0,-5,-2,-4,1,-6,-2,-18
14757395258967641292,-1,-4,-1,2,2,1,-1,-3,-5
14757395258967641292,0,0,0,0,0,0,0,0,0
14757395258967641292,0,0,0,0,0,0,0,0,0
14757395258967641292,1,-3,1,-4,-7,-7,0,-3,-22
14757395258967641292,0,0,0,0,0,0,0,0,0
14757395258967641292,-1,-1,3,-2,-2,-3,-1,-3,-10
14757395258967641292,0,0,0,0,0,0,0,0,0
14757395258967641292,0,0,0,0,0,0,0,0,0
14757395258967641292,-2,1,3,-5,-2,0,-1,1,-5
14757395258967641292,0,0,0,0,0,0,0,0,0
14757395258967641292,0,0,0,0,0,0,0,0,0
14757395258967641292,0,1,-3,-1,-3,-1,-5,2,-10
14757395258967641292,-3,0,-3,-1,-3,1,-2,-1,-12
14757395258967641292,0,0,0,0,0,0,0,0,0
14757395258967641292,0,0,0,0,0,0,0,0,0
14757395258967641292,-3,1,0,-6,-5,-4,-3,-4,-24
14757395258967641292,0,0,0,0,0,0,0,0,0
14757395258967641292,1,-2,-6,-2,-4,-1,-4,1,-17
14757395258967641292,0,0,0,0,0,0,0,0,0
14757395258967641292,0,0,0,0,0,0,0,0,0
14757395258967641292,-3,-9,-3,-4,1,-2,-6,-2,-28
14757395258967641292,0,0,0,0,0,0,0,0,0
14757395258967641292,0,0,0,0,0,0,0,0,0
14757395258967641292,-2,-1,-5,0,3,3,1,-2,-3
14757395258967641292,-1,0,4,0,-2,5,3,0,9
14757395258967641292,0,0,0,0,0,0,0,0,0
14757395258967641292,0,0,0,0,0,0,0,0,0
14757395258967641292,-1,-4,-4,0,-1,-2,3,0,-9
14757395258967641292,0,0,0,0,0,0,0,0,0
14757395258967641292,0,-2,-1,-1,1,0,-1,0,-4
14757395258967641292,0,0,0,0,0,0,0,0,0
14757395258967641292,0,0,0,0,0,0,0,0,0
14757395258967641292,1,-3,-7,-1,0,-1,-2,0,-13
14757395258967641292,0,0,0,0,0,0,0,0,0
14757395258967641292,0,0,0,0,0,0,0,0,0
14757395258967641292,-1,-2,1,-1,0,-5,0,-4,-12
14757395258967641292,0,0,0,0,0,0,0,0,0
14757395258967641292,-2,4,0,-4,-3,-7,1,0,-11
14757395258967641292,0,0,0,0,0,0,0,0,0
14757395258967641292,0,0,0,0,0,0,0,0,0
14757395258967641292,3,-1,3,-3,-9,-2,0,-3,-12
14757395258967641292,-6,0,-3,-5,-8,-3,1,-1,-25
14757395258967641292,0,0,0,0,0,0,0,0,0
14757395258967641292,0,0,0,0,0,0,0,0,0
14757395258967641292,0,-2,-1,-6,-4,-3,0,2,-14
14757395258967641292,0,0,0,0,0,0,0,0,0
14757395258967641292,0,0,0,0,0,0,0,0,0
14757395258967641292,0,-1,0,-1,-4,-4,-2,2,-10
14757395258967641292,0,0,0,0,0,0,0,0,0
14757395258967641292,6,-3,-2,-4,0,-8,0,-5,-16
14757395258967641292,0,0,0,0,0,0,0,0,0
14757395258967641292,0,0,0,0,0,0,0,0,0
14757395258967641292,-1,0,-3,-3,0,-7,0,4,-10
14757395258967641292,-7,-2,-6,0,7,3,0,5,0
14757395258967641292,0,0,0,0,0,0,0,0,0
14757395258967641292,0,0,0,0,0,0,0,0,0
14757395258967641292,-3,-1,-1,-6,-7,-2,-5,-5,-30
14757395258967641292,0,0,0,0,0,0,0,0,0
14757395258967641292,0,0,0,0,0,0,0,0,0
14757395258967641292,-3,-3,0,-1,2,-1,-1,-4,-11
14757395258967641292,0,0,0,0,0,0,0,0,0
14757395258967641292,3,-1,0,-1,-4,3,-3,-1,-4
14757395258967641292,0,0,0,0,0,0,0,0,0
14757395258967641292,-4,1,-2,1,-2,-1,-2,-1,-10
14757395258967641292,0,0,0,0,0,0,0,0,0
14757395258967641292,-2,0,-1,3,3,1,0,-2,2
14757395258967641292,0,0,0,0,0,0,0,0,0
14757395258967641292,0,0,0,0,0,0,0,0,0
14757395258967641292,0,0,0,0,0,0,0,0,0
14757395258967641292,0,0,0,0,0,0,0,0,0
14757395258967641292,1,-2,1,2,3,2,4,3,14
14757395258967641292,0,-5,-1,-1,1,-1,-4,-3,-14
14757395258967641292,-3,-5,-4,-6,-4,-4,-7,0,-33
14757395258967641292,0,0,0,0,0,0,0,0,0
14757395258967641292,0,0,0,0,0,0,0,0,0
14757395258967641292,2,-4,-1,0,-4,1,2,-2,-6
14757395258967641292,0,0,0,0,0,0,0,0,0
14757395258967641292,2,-1,-2,-1,-1,-2,-3,0,-8
14757395258967641292,0,0,0,0,0,0,0,0,0
14757395258967641292,0,0,0,0,0,0,0,0,0
14757395258967641292,-3,0,-5,-6,-4,-1,2,-5,-22
14757395258967641292,0,0,0,0,0,0,0,0,0
14757395258967641292,0,0,0,0,0,0,0,0,0
14757395258967641292,4,0,-3,-4,0,-6,0,-5,-14
14757395258967641292,0,5,4,5,-3,0,1,5,17
14757395258967641292,0,0,0,0,0,0,0,0,0
14757395258967641292,0,0,0,0,0,0,0,0,0
14757395258967641292,-3,-2,-1,1,-2,2,-4,3,-6
14757395258967641292,0,0,0,0,0,0,0,0,0
14757395258967641292,3,-3,-6,-4,3,-2,-1,-4,-14
14757395258967641292,0,0,0,0,0,0,0,0,0
14757395258967641292,0,0,0,0,0,0,0,0,0
14757395258967641292,-2,-3,-1,-2,3,-2,-4,3,-8
14757395258967641292,0,0,0,0,0,0,0,0,0
14757395258967641292,-2,1,3,-1,-4,-2,-6,-2,-13
14757395258967641292,-2,0,2,-2,-2,0,2,-3,-5
14757395258967641292,-4,0,2,-2,-2,-3,-2,0,-11
14757395258967641292,0,0,0,0,0,0,0,0,0
14757395258967641292,0,0,0,0,0,0,0,0,0
14757395258967641292,1,-1,3,-2,-5,0,-1,-3,-8
14757395258967641292,0,0,0,0,0,0,0,0,0
14757395258967641292,-1,-2,-1,1,1,1,-2,-1,-4
14757395258967641292,0,0,0,0,0,0,0,0,0
14757395258967641292,0,0,0,0,0,0,0,0,0
14757395258967641292,-3,-1,-2,-2,-1,0,3,-4,-10
14757395258967641292,0,0,0,0,0,0,0,0,0
14757395258967641292,2,2,1,0,-2,0,-5,1,-1
14757395258967641292,0,0,0,0,0,0,0,0,0
14757395258967641292,0,0,0,0,0,0,0,0,0
14757395258967641292,-3,-1,-1,-1,-1,-5,5,-2,-9
14757395258967641292,0,0,0,0,0,0,0,0,0
14757395258967641292,0,1,0,0,0,3,0,1,5
14757395258967641292,0,0,0,0,0,0,0,0,0
14757395258967641292,1,-2,-4,1,4,-1,2,-5,-4
14757395258967641292,0,0,0,0,0,0,0,0,0
14757395258967641292,0,0,0,0,0,0,0,0,0
14757395258967641292,-2,-3,-3,-1,-3,4,-2,-5,-15
14757395258967641292,0,0,0,0,0,0,0,0,0
14757395258967641292,-4,1,0,-4,-7,1,-4,-2,-19
14757395258967641292,0,0,0,0,0,0,0,0,0
14757395258967641292,0,0,0,0,0,0,0,0,0
14757395258967641292,-7,-2,-6,-2,2,1,-1,0,-15
14757395258967641292,0,0,0,0,0,0,0,0,0
14757395258967641292,-3,-1,-3,-3,-1,0,0,-1,-12
14757395258967641292,0,0,0,0,0,0,0,0,0
14757395258967641292,2,0,-5,-1,0,-4,2,2,-4
14757395258967641292,0,0,0,0,0,0,0,0,0
14757395258967641292,0,0,0,0,0,0,0,0,0
14757395258967641292,2,-3,1,2,3,-6,2,2,3
14757395258967641292,0,0,0,0,0,0,0,0,0
14757395258967641292,2,-8,-4,2,5,-2,-2,-2,-9
14757395258967641292,0,0,0,0,0,0,0,0,0
14757395258967641292,0,0,0,0,0,0,0,0,0
14757395258967641292,1,-2,-1,4,4,0,-1,-2,3
14757395258967641292,0,0,0,0,0,0,0,0,0
14757395258967641292,3,8,2,2,-1,-5,-5,-5,-1
14757395258967641292,0,0,0,0,0,0,0,0,0
14757395258967641292,3,5,0,-3,-2,-1,-3,-2,-3
14757395258967641292,0,0,0,0,0,0,0,0,0
14757395258967641292,0,0,0,0,0,0,0,0,0
14757395258967641292,-2,-1,-1,0,0,0,-2,3,-3
14757395258967641292,0,0,0,0,0,0,0,0,0
14757395258967641292,6,-6,-3,-4,-4,-6,-1,0,-18
14757395258967641292,0,0,0,0,0,0,0,0,0
14757395258967641292,0,0,0,0,0,0,0,0,0
14757395258967641292,-4,0,-1,0,-1,1,-3,-1,-9
14757395258967641292,0,0,0,0,0,0,0,0,0
14757395258967641292,1,-4,-2,-2,-6,-5,1,3,-14
14757395258967641292,0,0,0,0,0,0,0,0,0
14757395258967641292,-5,-2,-2,-3,-6,-3,-7,-2,-30
14757395258967641292,0,0,0,0,0,0,0,0,0
14757395258967641292,0,0,0,0,0,0,0,0,0
14757395258967641292,-5,-3,2,-3,-4,-4,-1,2,-16
14757395258967641292,0,0,0,0,0,0,0,0,0
14757395258967641292,-5,1,3,1,-2,-2,3,1,0
14757395258967641292,0,0,0,0,0,0,0,0,0
14757395258967641292,1,-3,1,0,1,3,0,-1,2
14757395258967641292,1,-2,-1,1,-2,0,-3,-3,-9
14757395258967641292,0,0,0,0,0,0,0,0,0
14757395258967641292,0,0,0,0,0,0,0,0,0
14757395258967641292,-3,-6,7,0,-2,-2,-1,-2,-9
14757395258967641292,0,0,0,0,0,0,0,0,0
14757395258967641292,0,0,0,0,0,0,0,0,0
14757395258967641292,-1,1,4,-2,1,0,1,0,4
14757395258967641292,-2,2,-13,-1,0,-3,0,-2,-19
14757395258967641292,0,0,0,0,0,0,0,0,0
14757395258967641292,0,0,0,0,0,0,0,0,0
14757395258967641292,-4,-8,7,3,-1,1,-2,0,-4
14757395258967641292,0,0,0,0,0,0,0,0,0
14757395258967641292,0,6,4,0,0,0,0,-3,7
14757395258967641292,0,0,0,0,0,0,0,0,0
14757395258967641292,0,0,0,0,0,0,0,0,0
14757395258967641292,3,6,0,-7,5,2,-2,-3,4
14757395258967641292,-4,-3,16,5,5,-2,-1,-1,15
14757395258967641292,0,0,0,0,0,0,0,0,0
14757395258967641292,0,0,0,0,0,0,0,0,0
14757395258967641292,0,-3,8,2,-2,0,-1,-1,3
14757395258967641292,0,0,0,0,0,0,0,0,0
14757395258967641292,0,0,0,0,0,0,0,0,0
14757395258967641292,-1,-3,8,-3,0,-3,-1,-2,-5
14757395258967641292,0,0,0,0,0,0,0,0,0
14757395258967641292,-2,3,-12,-2,-2,-3,0,-1,-19
14757395258967641292,0,0,0,0,0,0,0,0,0
14757395258967641292,0,0,0,0,0,0,0,0,0
14757395258967641292,-2,-8,12,-2,-2,0,0,-1,-3
14757395258967641292,1,0,-6,0,-1,1,0,1,-4
14757395258967641292,0,0,0,0,0,0,0,0,0
14757395258967641292,0,0,0,0,0,0,0,0,0
14757395258967641292,0,1,-8,-3,0,-3,-2,2,-13
14757395258967641292,0,0,0,0,0,0,0,0,0
14757395258967641292,0,0,0,0,0,0,0,0,0
14757395258967641292,-5,-12,9,-3,-4,-1,-3,-1,-20
14757395258967641292,0,1,10,-1,1,1,2,1,15
14757395258967641292,0,0,0,0,0,0,0,0,0
14757395258967641292,0,0,0,0,0,0,0,0,0
14757395258967641292,0,0,-11,2,1,-1,-1,-1,-11
14757395258967641292,0,0,0,0,0,0,0,0,0
14757395258967641292,-1,-3,20,2,-4,-2,-2,-1,9
14757395258967641292,0,0,0,0,0,0,0,0,0
14757395258967641292,0,0,0,0,0,0,0,0,0
14757395258967641292,-1,1,-2,0,-3,0,-2,-1,-8
14757395258967641292,0,0,0,0,0,0,0,0,0
14757395258967641292,0,7,-3,-1,-1,-1,0,-1,0
14757395258967641292,0,0,0,0,0,0,0,0,0
14757395258967641292,0,0,0,0,0,0,0,0,0
14757395258967641292,-2,-3,-13,-5,-1,1,0,-2,-25
14757395258967641292,0,0,0,0,0,0,0,0,0
14757395258967641292,1,6,-15,-1,2,0,1,0,-6
14757395258967641292,0,0,0,0,0,0,0,0,0
14757395258967641292,-2,-7,-13,-2,-3,0,-3,0,-30
14757395258967641292,0,0,0,0,0,0,0,0,0
14757395258967641292,0,0,0,0,0,0,0,0,0
14757395258967641292,1,8,7,1,0,0,0,2,19
14757395258967641292,0,0,0,0,0,0,0,0,0
14757395258967641292,0,2,-2,-3,-2,-1,-1,-2,-9
14757395258967641292,-4,-7,-19,-4,-3,-4,-2,-3,-46
14757395258967641292,-3,-1,-9,-1,3,0,0,-1,-12
14757395258967641292,0,0,0,0,0,0,0,0,0
14757395258967641292,0,0,0,0,0,0,0,0,0
14757395258967641292,-2,-14,-10,-1,2,2,-4,-3,-30
14757395258967641292,0,0,0,0,0,0,0,0,0
14757395258967641292,-1,8,-4,-5,-5,-2,2,0,-7
14757395258967641292,0,0,0,0,0,0,0,0,0
14757395258967641292,0,0,0,0,0,0,0,0,0
14757395258967641292,1,3,12,-1,-1,1,0,-1,14
14757395258967641292,0,0,0,0,0,0,0,0,0
14757395258967641292,-1,-7,-1,1,-3,0,-1,-1,-13
14757395258967641292,0,-1,0,-2,-3,-1,-2,-2,-11
14757395258967641292,7,9,-1,2,-3,-1,2,1,16
14757395258967641292,0,0,0,0,0,0,0,0,0
14757395258967641292,0,0,0,0,0,0,0,0,0
14757395258967641292,-1,2,10,-4,0,-1,0,-1,5
14757395258967641292,0,0,0,0,0,0,0,0,0
14757395258967641292,-1,0,-5,2,1,-1,-3,-2,-9
14757395258967641292,0,0,0,0,0,0,0,0,0
14757395258967641292,0,0,0,0,0,0,0,0,0
14757395258967641292,2,2,6,6,1,-1,1,0,17
14757395258967641292,0,0,0,0,0,0,0,0,0
14757395258967641292,-3,-3,-2,-1,2,0,-1,0,-8
14757395258967641292,0,0,0,0,0,0,0,0,0
14757395258967641292,0,0,0,0,0,0,0,0,0
14757395258967641292,-3,-2,2,-3,0,3,-3,-1,-7
14757395258967641292,0,0,0,0,0,0,0,0,0
14757395258967641292,-3,5,19,0,-1,-4,-3,0,13
14757395258967641292,0,0,0,0,0,0,0,0,0
14757395258967641292,-1,-1,5,-1,-1,-4,-3,0,-6
14757395258967641292,0,0,0,0,0,0,0,0,0
14757395258967641292,0,0,0,0,0,0,0,0,0
14757395258967641292,-1,-2,-2,4,-1,0,0,2,0
14757395258967641292,0,0,0,0,0,0,0,0,0
14757395258967641292,-3,-14,-10,-2,0,1,0,-1,-29
14757395258967641292,0,0,0,0,0,0,0,0,0
14757395258967641292,0,0,0,0,0,0,0,0,0
14757395258967641292,0,6,5,0,-2,-2,-1,-1,5
14757395258967641292,0,0,0,0,0,0,0,0,0
14757395258967641292,-3,-1,-4,-3,1,0,0,-2,-12
14757395258967641292,0,0,0,0,0,0,0,0,0
14757395258967641292,1,1,-4,0,-1,0,0,-3,-6
14757395258967641292,0,0,0,0,0,0,0,0,0
14757395258967641292,0,0,0,0,0,0,0,0,0
14757395258967641292,-2,6,4,2,-2,0,-2,0,6
14757395258967641292,0,0,0,0,0,0,0,0,0
14757395258967641292,-4,-7,-6,-3,-4,-3,-1,-3,-31
14757395258967641292,0,0,0,0,0,0,0,0,0
14757395258967641292,0,0,0,0,0,0,0,0,0
14757395258967641292,-3,7,12,-5,-2,-3,-4,0,2
14757395258967641292,0,0,0,0,0,0,0,0,0
14757395258967641292,-1,3,-29,-3,2,-2,0,0,-30
14757395258967641292,0,0,0,0,0,0,0,0,0
14757395258967641292,0,0,0,0,0,0,0,0,0
14757395258967641292,0,0,0,0,0,0,0,0,0
14757395258967641292,2,7,-1,5,4,4,0,1,22
14757395258967641292,-1,3,-11,-10,-3,-3,0,1,-24
14757395258967641292,0,0,0,0,0,0,0,0,0
14757395258967641292,0,7,8,-3,-5,-3,-1,-3,0
14757395258967641292,0,0,0,0,0,0,0,0,0
14757395258967641292,0,0,0,0,0,0,0,0,0
14757395258967641292,-5,-1,1,-1,1,-3,0,0,-8
14757395258967641292,0,0,0,0,0,0,0,0,0
14757395258967641292,0,0,0,0,0,0,0,0,0
14757395258967641292,-3,-5,-1,2,-2,-4,-2,-3,-18
14757395258967641292,1,-4,-11,0,0,3,0,2,-9
14757395258967641292,0,0,0,0,0,0,0,0,0
14757395258967641292,0,0,0,0,0,0,0,0,0
14757395258967641292,-4,-10,16,-3,-6,-2,0,0,-9
14757395258967641292,0,0,0,0,0,0,0,0,0
14757395258967641292,1,3,-3,-1,-4,-2,0,-3,-9
14757395258967641292,0,0,0,0,0,0,0,0,0
14757395258967641292,0,0,0,0,0,0,0,0,0
14757395258967641292,-1,-1,1,1,-2,-2,-4,-2,-10
14757395258967641292,0,0,0,0,0,0,0,0,0
14757395258967641292,-2,7,5,-1,-3,-5,-1,-2,-2
14757395258967641292,0,0,0,0,0,0,0,0,0
14757395258967641292,0,-6,6,-16,4,10,3,0,1
14757395258967641292,0,0,0,0,0,0,0,0,0
14757395258967641292,0,0,0,0,0,0,0,0,0
14757395258967641292,1,4,-2,6,4,1,0,0,14
14757395258967641292,0,0,0,0,0,0,0,0,0
14757395258967641292,-4,1,-11,-2,-6,-11,-5,-2,-40
14757395258967641292,0,0,0,0,0,0,0,0,0
14757395258967641292,0,0,0,0,0,0,0,0,0
14757395258967641292,4,-2,-4,2,1,0,2,-1,2
14757395258967641292,0,0,0,0,0,0,0,0,0
14757395258967641292,1,-1,-1,-1,-2,-4,-2,-2,-12
14757395258967641292,0,0,0,0,0,0,0,0,0
14757395258967641292,-2,-6,16,4,5,-2,-2,-1,12
14757395258967641292,0,0,0,0,0,0,0,0,0
14757395258967641292,0,0,0,0,0,0,0,0,0
14757395258967641292,1,1,-4,-2,-3,-1,1,-2,-9
14757395258967641292,0,0,0,0,0,0,0,0,0
14757395258967641292,0,7,-2,0,-4,-1,-1,1,0
14757395258967641292,0,0,0,0,0,0,0,0,0
14757395258967641292,0,0,0,0,0,0,0,0,0
14757395258967641292,1,10,3,-1,-7,-5,-1,-1,-1
14757395258967641292,0,0,0,0,0,0,0,0,0
14757395258967641292,2,-8,5,0,2,-6,-2,-1,-8
14757395258967641292,0,0,0,0,0,0,0,0,0
14757395258967641292,-1,-2,-1,2,4,5,3,0,10
14757395258967641292,0,0,0,0,0,0,0,0,0
14757395258967641292,0,0,0,0,0,0,0,0,0
14757395258967641292,-3,-1,-6,-3,-8,-4,-1,-2,-28
14757395258967641292,0,0,0,0,0,0,0,0,0
14757395258967641292,-2,-8,3,1,-1,2,-1,0,-6
14757395258967641292,0,0,0,0,0,0,0,0,0
14757395258967641292,0,0,0,0,0,0,0,0,0
14757395258967641292,-1,-3,-5,-2,-7,-4,-2,-3,-27
14757395258967641292,0,0,0,0,0,0,0,0,0
14757395258967641292,1,3,4,-3,3,6,1,0,15
14757395258967641292,0,0,0,0,0,0,0,0,0
14757395258967641292,-3,2,16,1,3,-3,0,-1,15
14757395258967641292,0,0,0,0,0,0,0,0,0
14757395258967641292,0,0,0,0,0,0,0,0,0
14757395258967641292,-1,0,-9,-1,-3,0,-2,-2,-18
14757395258967641292,0,-7,-8,-2,-6,-7,-3,-1,-34
14757395258967641292,0,0,0,0,0,0,0,0,0
14757395258967641292,0,0,0,0,0,0,0,0,0
14757395258967641292,0,0,0,0,0,0,0,0,0
14757395258967641292,2,0,-5,0,-4,-6,-2,2,-13
14757395258967641292,0,0,0,0,0,0,0,0,0
14757395258967641292,-2,-6,-13,-3,-1,-5,0,0,-30
14757395258967641292,0,0,0,0,0,0,0,0,0
14757395258967641292,-3,2,-7,3,1,-2,-1,1,-6
14757395258967641292,0,0,0,0,0,0,0,0,0
14757395258967641292,0,0,0,0,0,0,0,0,0
14757395258967641292,-3,5,-3,-5,-2,-6,-4,-2,-20
14757395258967641292,0,-3,-16,-4,1,0,-2,-2,-26
14757395258967641292,0,0,0,0,0,0,0,0,0
14757395258967641292,0,0,0,0,0,0,0,0,0
14757395258967641292,0,0,0,0,0,0,0,0,0
14757395258967641292,-2,-4,1,5,16,12,1,0,29
14757395258967641292,0,0,0,0,0,0,0,0,0
14757395258967641292,-1,1,-1,-7,-8,-3,0,-1,-20
14757395258967641292,0,0,0,0,0,0,0,0,0
14757395258967641292,-5,-5,0,0,-4,4,0,0,-10
14757395258967641292,0,0,0,0,0,0,0,0,0
14757395258967641292,0,0,0,0,0,0,0,0,0
14757395258967641292,0,0,-4,3,-1,-1,2,-2,-3
14757395258967641292,1,3,12,2,6,3,-2,0,25
14757395258967641292,0,0,0,0,0,0,0,0,0
14757395258967641292,0,0,0,0,0,0,0,0,0
14757395258967641292,0,0,0,0,0,0,0,0,0
14757395258967641292,-1,3,-9,-3,-4,-1,2,1,-12
14757395258967641292,0,0,0,0,0,0,0,0,0
14757395258967641292,0,0,0,0,0,0,0,0,0
14757395258967641292,1,1,5,1,-8,8,-1,-3,4
14757395258967641292,-2,3,-8,-3,-4,-10,-2,-2,-28
14757395258967641292,0,0,0,0,0,0,0,0,0
14757395258967641292,0,0,0,0,0,0,0,0,0
14757395258967641292,-3,-2,-6,6,3,2,1,1,2
14757395258967641292,0,0,0,0,0,0,0,0,0
14757395258967641292,2,2,-2,3,-2,2,-1,0,4
14757395258967641292,0,0,0,0,0,0,0,0,0
14757395258967641292,0,0,0,0,0,0,0,0,0
14757395258967641292,-1,-5,-8,-4,-2,-5,-9,0,-34
14757395258967641292,0,0,0,0,0,0,0,0,0
14757395258967641292,0,0,0,0,0,0,0,0,0
14757395258967641292,1,-3,7,8,13,4,3,3,36
14757395258967641292,-2,-3,11,0,-5,-8,2,-2,-7
14757395258967641292,0,0,0,0,0,0,0,0,0
14757395258967641292,0,0,0,0,0,0,0,0,0
14757395258967641292,-8,-11,1,-5,-6,-2,-6,-8,-45
14757395258967641292,0,0,0,0,0,0,0,0,0
14757395258967641292,0,-1,-4,-2,-3,-1,-1,-1,-13
14757395258967641292,0,0,0,0,0,0,0,0,0
14757395258967641292,0,0,0,0,0,0,0,0,0
14757395258967641292,0,3,3,5,7,2,2,-3,19
14757395258967641292,0,0,0,0,0,0,0,0,0
14757395258967641292,0,0,0,0,0,0,0,0,0
14757395258967641292,1,5,7,0,0,-2,1,1,13
14757395258967641292,-4,-16,-23,-9,-6,-6,-3,-1,-68
14757395258967641292,0,0,0,0,0,0,0,0,0
14757395258967641292,0,0,0,0,0,0,0,0,0
14757395258967641292,2,8,-1,-2,-2,-2,-13,1,-9
14757395258967641292,2,-2,-5,-5,-4,-2,-15,-7,-38
14757395258967641292,0,0,0,0,0,0,0,0,0
14757395258967641292,0,0,0,0,0,0,0,0,0
14757395258967641292,0,14,-2,4,11,2,6,2,37
14757395258967641292,0,0,0,0,0,0,0,0,0
14757395258967641292,-1,3,-2,-3,-9,-9,3,3,-15
14757395258967641292,1,0,8,1,13,-1,-4,-4,14
14757395258967641292,0,0,0,0,0,0,0,0,0
14757395258967641292,-1,1,3,-2,3,11,5,0,20
14757395258967641292,0,0,0,0,0,0,0,0,0
14757395258967641292,0,0,0,0,0,0,0,0,0
14757395258967641292,-2,-3,4,-3,-10,-3,4,-1,-14
14757395258967641292,-3,3,0,-3,0,-3,-9,-1,-16
14757395258967641292,0,0,0,0,0,0,0,0,0
14757395258967641292,0,0,0,0,0,0,0,0,0
14757395258967641292,0,-2,-3,-3,-4,-9,-1,4,-18
14757395258967641292,0,0,0,0,0,0,0,0,0
14757395258967641292,3,-2,4,10,12,1,6,-6,28
14757395258967641292,-3,-1,-2,-7,-5,-4,3,0,-19
14757395258967641292,0,0,0,0,0,0,0,0,0
14757395258967641292,-5,-3,-4,-3,-11,-3,2,2,-25
14757395258967641292,0,0,0,0,0,0,0,0,0
14757395258967641292,0,0,0,0,0,0,0,0,0
14757395258967641292,0,-2,5,3,-4,3,-1,-2,2
14757395258967641292,1,8,-2,-1,-8,2,0,12,12
14757395258967641292,0,0,0,0,0,0,0,0,0
14757395258967641292,0,0,0,0,0,0,0,0,0
14757395258967641292,2,0,0,-1,0,7,-3,-2,3
14757395258967641292,0,0,0,0,0,0,0,0,0
14757395258967641292,2,7,-3,2,3,-3,3,6,17
14757395258967641292,0,0,0,0,0,0,0,0,0
14757395258967641292,0,0,0,0,0,0,0,0,0
14757395258967641292,-5,-6,3,-4,-3,-3,13,0,-5
14757395258967641292,0,0,0,0,0,0,0,0,0
14757395258967641292,0,0,0,0,0,0,0,0,0
14757395258967641292,-2,0,-6,-1,-5,0,-3,-1,-18
14757395258967641292,-2,7,-10,0,5,4,-3,-9,-8
14757395258967641292,0,0,0,0,0,0,0,0,0
14757395258967641292,0,0,0,0,0,0,0,0,0
14757395258967641292,1,0,-6,-2,-2,-1,1,4,-5
14757395258967641292,0,0,0,0,0,0,0,0,0
14757395258967641292,-3,-11,4,0,-2,-3,-6,-8,-29
14757395258967641292,0,0,0,0,0,0,0,0,0
14757395258967641292,0,0,0,0,0,0,0,0,0
14757395258967641292,1,13,-5,-4,-1,-7,-10,-17,-30
14757395258967641292,0,0,0,0,0,0,0,0,0
14757395258967641292,0,0,0,0,0,0,0,0,0
14757395258967641292,0,0,5,10,20,3,-3,-19,16
14757395258967641292,-7,-12,-13,-5,1,0,-4,-12,-52
14757395258967641292,0,0,0,0,0,0,0,0,0
14757395258967641292,0,0,0,0,0,0,0,0,0
14757395258967641292,-6,4,-2,-3,-8,-8,-7,-20,-50
14757395258967641292,0,0,0,0,0,0,0,0,0
14757395258967641292,1,1,-1,2,2,1,-10,7,3
14757395258967641292,0,0,0,0,0,0,0,0,0
14757395258967641292,0,0,0,0,0,0,0,0,0
14757395258967641292,-2,0,-10,-11,-9,0,1,4,-27
14757395258967641292,0,0,0,0,0,0,0,0,0
14757395258967641292,0,0,0,0,0,0,0,0,0
14757395258967641292,1,5,4,-2,-4,-6,-1,5,2
14757395258967641292,0,6,6,3,10,2,0,1,28
14757395258967641292,0,0,0,0,0,0,0,0,0
14757395258967641292,0,0,0,0,0,0,0,0,0
14757395258967641292,4,5,-4,-4,-3,-4,-2,5,-3
14757395258967641292,0,0,0,0,0,0,0,0,0
14757395258967641292,9,2,25,14,6,7,7,2,72
14757395258967641292,0,0,0,0,0,0,0,0,0
14757395258967641292,0,0,0,0,0,0,0,0,0
14757395258967641292,-4,-3,5,-2,-8,-6,0,-15,-33
14757395258967641292,0,0,0,0,0,0,0,0,0
14757395258967641292,0,0,0,0,0,0,0,0,0
14757395258967641292,1,-4,3,0,-4,1,5,-2,0
14757395258967641292,-2,-8,-10,-3,0,0,9,11,-3
14757395258967641292,0,0,0,0,0,0,0,0,0
14757395258967641292,0,0,0,0,0,0,0,0,0
14757395258967641292,-1,4,-7,-2,1,1,0,9,5
14757395258967641292,0,0,0,0,0,0,0,0,0
14757395258967641292,-3,4,-9,-9,-8,-4,-5,-11,-45
14757395258967641292,0,0,0,0,0,0,0,0,0
14757395258967641292,0,0,0,0,0,0,0,0,0
14757395258967641292,-4,-7,-1,-1,3,-2,-3,10,-5
14757395258967641292,0,0,0,0,0,0,0,0,0
14757395258967641292,0,0,0,0,0,0,0,0,0
14757395258967641292,-7,-2,-5,-1,9,2,1,-5,-8
14757395258967641292,1,7,8,3,-8,-5,-4,-23,-21
14757395258967641292,0,0,0,0,0,0,0,0,0
14757395258967641292,0,0,0,0,0,0,0,0,0
14757395258967641292,-5,-4,-1,-8,-6,4,1,-4,-23
14757395258967641292,0,0,0,0,0,0,0,0,0
14757395258967641292,11,-4,-7,-4,-3,4,0,11,8
14757395258967641292,0,0,0,0,0,0,0,0,0
14757395258967641292,0,0,0,0,0,0,0,0,0
14757395258967641292,-38,-14,-4,-2,-8,-5,12,7,-52
14757395258967641292,0,0,0,0,0,0,0,0,0
14757395258967641292,0,0,0,0,0,0,0,0,0
14757395258967641292,2,4,5,0,1,5,8,47,72
14757395258967641292,0,0,0,0,0,0,0,0,0
14757395258967641292,-7,-10,-1,2,9,4,11,1,9
14757395258967641292,0,0,0,0,0,0,0,0,0
14757395258967641292,0,0,0,0,0,0,0,0,0
14757395258967641292,-3,8,-15,0,-8,-9,3,-11,-35
14757395258967641292,-14,-2,12,4,7,15,14,17,53
14757395258967641292,0,0,0,0,0,0,0,0,0
14757395258967641292,0,0,0,0,0,0,0,0,0
14757395258967641292,-12,7,34,21,10,0,-19,-25,16
14757395258967641292,0,0,0,0,0,0,0,0,0
14757395258967641292,0,0,0,0,0,0,0,0,0
14757395258967641292,12,-27,24,1,1,16,-2,-7,18
14757395258967641292,0,0,0,0,0,0,0,0,0
14757395258967641292,-33,-7,1,-14,-9,-11,-11,-50,-134
14757395258967641292,0,0,0,0,0,0,0,0,0
14757395258967641292,0,0,0,0,0,0,0,0,0
14757395258967641292,12,-30,-26,-8,-2,-12,-8,-1,-75
14757395258967641292,-32,3,-3,-11,-5,-4,19,-29,-62
14757395258967641292,0,0,0,0,0,0,0,0,0
14757395258967641292,0,0,0,0,0,0,0,0,0
14757395258967641292,0,0,0,0,0,0,0,0,0
14757395258967641292,0,0,0,0,0,0,0,0,0
14757395258967641292,28,-6,0,-6,1,3,4,16,40
14757395258967641292,2,-39,-15,3,8,3,-4,-15,-57
14757395258967641292,23,-3,-59,-20,-20,-28,-22,29,-100
14757395258967641292,0,0,0,0,0,0,0,0,0
14757395258967641292,0,0,0,0,0,0,0,0,0
14757395258967641292,0,0,0,0,0,0,0,0,0
14757395258967641292,-31,-16,24,7,5,1,-4,3,-11
14757395258967641292,20,-6,7,1,-15,-30,-18,28,-13
14757395258967641292,0,0,0,0,0,0,0,0,0
14757395258967641292,0,0,0,0,0,0,0,0,0
14757395258967641292,25,40,-13,10,47,19,2,16,146
14757395258967641292,0,0,0,0,0,0,0,0,0
14757395258967641292,0,0,0,0,0,0,0,0,0
14757395258967641292,10,23,9,-11,13,20,4,-1,67
14757395258967641292,0,0,0,0,0,0,0,0,0
14757395258967641292,0,-33,-3,-5,-25,-1,-1,-5,-73
14757395258967641292,0,0,0,0,0,0,0,0,0
14757395258967641292,0,0,0,0,0,0,0,0,0
14757395258967641292,-17,-48,4,-5,-23,-25,-11,-23,-148
14757395258967641292,-11,-10,-12,-4,10,8,13,10,4
14757395258967641292,0,0,0,0,0,0,0,0,0
14757395258967641292,0,0,0,0,0,0,0,0,0
14757395258967641292,2,23,22,4,-27,12,3,-17,22
14757395258967641292,0,0,0,0,0,0,0,0,0
14757395258967641292,0,0,0,0,0,0,0,0,0
14757395258967641292,-12,-21,-4,-15,-19,31,-4,-10,-54
14757395258967641292,-1,49,24,29,-11,-12,19,61,158
14757395258967641292,0,0,0,0,0,0,0,0,0
14757395258967641292,0,0,0,0,0,0,0,0,0
14757395258967641292,-12,-40,-21,25,43,38,19,-21,31
14757395258967641292,0,0,0,0,0,0,0,0,0
14757395258967641292,4,-43,21,-10,-10,-15,-36,24,-65
14757395258967641292,0,0,0,0,0,0,0,0,0
14757395258967641292,0,0,0,0,0,0,0,0,0
14757395258967641292,26,-3,-42,7,-9,-9,4,55,29
14757395258967641292,0,0,0,0,0,0,0,0,0
14757395258967641292,0,0,0,0,0,0,0,0,0
14757395258967641292,-15,30,39,32,44,59,-6,32,215
14757395258967641292,-23,25,-101,3,-37,-14,-15,-36,-198
14757395258967641292,0,0,0,0,0,0,0,0,0
14757395258967641292,0,0,0,0,0,0,0,0,0
14757395258967641292,-22,-26,62,-23,-79,-51,-8,11,-136
14757395258967641292,0,0,0,0,0,0,0,0,0
14757395258967641292,15,23,53,26,52,84,15,-1,267
14757395258967641292,0,0,0,0,0,0,0,0,0
14757395258967641292,0,0,0,0,0,0,0,0,0
14757395258967641292,3,-69,-18,-25,-16,-48,-13,-12,-198
14757395258967641292,0,0,0,0,0,0,0,0,0
14757395258967641292,0,0,0,0,0,0,0,0,0
14757395258967641292,3,-31,-25,-12,5,-1,16,8,-37
14757395258967641292,-3,-41,-6,-25,8,-25,-12,-45,-149
14757395258967641292,0,0,0,0,0,0,0,0,0
14757395258967641292,0,0,0,0,0,0,0,0,0
14757395258967641292,68,8,16,27,50,57,8,16,250
14757395258967641292,0,0,0,0,0,0,0,0,0
14757395258967641292,-29,-33,-18,-34,-34,-14,0,9,-153
14757395258967641292,0,0,0,0,0,0,0,0,0
14757395258967641292,0,0,0,0,0,0,0,0,0
14757395258967641292,30,89,38,11,23,30,4,8,233
14757395258967641292,0,0,0,0,0,0,0,0,0
14757395258967641292,0,0,0,0,0,0,0,0,0
14757395258967641292,-6,-41,-22,-5,27,7,-30,79,9
14757395258967641292,11,-23,59,7,31,39,36,65,225
14757395258967641292,0,0,0,0,0,0,0,0,0
14757395258967641292,0,0,0,0,0,0,0,0,0
14757395258967641292,-17,117,-42,-27,-107,-56,-13,-49,-194
14757395258967641292,0,0,0,0,0,0,0,0,0
14757395258967641292,-5,-26,20,-1,3,-11,-1,9,-12
14757395258967641292,0,0,0,0,0,0,0,0,0
14757395258967641292,0,0,0,0,0,0,0,0,0
14757395258967641292,-11,4,-46,-2,42,-9,13,-10,-19
14757395258967641292,0,0,0,0,0,0,0,0,0
14757395258967641292,7,-46,58,32,62,-2,-9,-17,85
14757395258967641292,0,0,0,0,0,0,0,0,0
14757395258967641292,0,0,0,0,0,0,0,0,0
14757395258967641292,0,0,0,0,0,0,0,0,0
14757395258967641292,0,0,0,0,0,0,0,0,0
14757395258967641292,0,0,0,0,0,0,0,0,0
14757395258967641292,14,19,12,-28,-74,-46,-1,-30,-134
14757395258967641292,0,0,0,0,0,0,0,0,0
14757395258967641292,0,0,0,0,0,0,0,0,0
14757395258967641292,0,0,0,0,0,0,0,0,0
14757395258967641292,18,80,-58,1,1,-4,6,-24,20
14757395258967641292,0,0,0,0,0,0,0,0,0
14757395258967641292,0,0,0,0,0,0,0,0,0
14757395258967641292,0,0,0,0,0,0,0,0,0
14757395258967641292,0,0,0,0,0,0,0,0,0
14757395258967641292,-20,-29,6,-15,-42,-48,-19,-16,-183
14757395258967641292,-9,63,-13,23,11,25,-1,0,99
14757395258967641292,0,0,0,0,0,0,0,0,0
14757395258967641292,0,0,0,0,0,0,0,0,0
14757395258967641292,0,0,0,0,0,0,0,0,0
14757395258967641292,0,0,0,0,0,0,0,0,0
14757395258967641292,-15,-70,-12,-25,-33,-33,5,56,-127
14757395258967641292,0,0,0,0,0,0,0,0,0
14757395258967641292,0,0,0,0,0,0,0,0,0
14757395258967641292,0,0,0,0,0,0,0,0,0
14757395258967641292,-8,-11,-17,1,2,21,-8,-19,-39
14757395258967641292,0,0,0,0,0,0,0,0,0
14757395258967641292,0,0,0,0,0,0,0,0,0
14757395258967641292,0,0,0,0,0,0,0,0,0
14757395258967641292,0,0,0,0,0,0,0,0,0
14757395258967641292,-1,-21,4,-1,9,-10,-13,-58,-91
14757395258967641292,0,0,0,0,0,0,0,0,0
14757395258967641292,0,0,0,0,0,0,0,0,0
14757395258967641292,0,0,0,0,0,0,0,0,0
14757395258967641292,-17,-21,9,-3,-24,-12,-6,-26,-100
14757395258967641292,0,0,0,0,0,0,0,0,0
14757395258967641292,-21,17,7,-5,-10,-17,0,-17,-46
14757395258967641292,0,0,0,0,0,0,0,0,0
14757395258967641292,0,0,0,0,0,0,0,0,0
14757395258967641292,0,0,0,0,0,0,0,0,0
14757395258967641292,10,-2,-10,-2,15,36,1,29,77
14757395258967641292,-10,2,-2,-9,-28,8,-1,11,-29
14757395258967641292,0,0,0,0,0,0,0,0,0
14757395258967641292,0,0,0,0,0,0,0,0,0
14757395258967641292,0,0,0,0,0,0,0,0,0
14757395258967641292,25,16,-51,-14,-10,12,-2,-27,-51
14757395258967641292,0,0,0,0,0,0,0,0,0
14757395258967641292,0,0,0,0,0,0,0,0,0
14757395258967641292,0,0,0,0,0,0,0,0,0
14757395258967641292,-8,43,27,26,55,14,-15,-6,136
14757395258967641292,0,0,0,0,0,0,0,0,0
14757395258967641292,0,0,0,0,0,0,0,0,0
14757395258967641292,0,0,0,0,0,0,0,0,0
14757395258967641292,-10,16,-14,-12,13,15,-10,-14,-16
14757395258967641292,0,0,0,0,0,0,0,0,0
14757395258967641292,20,41,-29,-4,35,16,10,16,105
14757395258967641292,0,0,0,0,0,0,0,0,0
14757395258967641292,0,0,0,0,0,0,0,0,0
14757395258967641292,0,0,0,0,0,0,0,0,0
14757395258967641292,0,0,0,0,0,0,0,0,0
14757395258967641292,-13,-33,64,4,-26,-5,21,-44,-32
14757395258967641292,0,0,0,0,0,0,0,0,0
14757395258967641292,0,0,0,0,0,0,0,0,0
14757395258967641292,0,0,0,0,0,0,0,0,0
14757395258967641292,-21,-70,-30,-3,-5,-8,-5,-13,-155
14757395258967641292,0,0,0,0,0,0,0,0,0
14757395258967641292,0,0,0,0,0,0,0,0,0
14757395258967641292,0,0,0,0,0,0,0,0,0
14757395258967641292,0,0,0,0,0,0,0,0,0
14757395258967641292,12,47,18,37,106,39,2,-5,256
14757395258967641292,-4,-32,5,-7,-18,-7,-3,18,-48
14757395258967641292,0,0,0,0,0,0,0,0,0
14757395258967641292,0,0,0,0,0,0,0,0,0
14757395258967641292,2,-12,-24,-20,-36,-30,-3,7,-116
14757395258967641292,0,0,0,0,0,0,0,0,0
14757395258967641292,13,56,8,4,20,10,5,23,139
14757395258967641292,0,0,0,0,0,0,0,0,0
14757395258967641292,0,0,0,0,0,0,0,0,0
14757395258967641292,0,0,0,0,0,0,0,0,0
14757395258967641292,-17,-12,-22,0,-5,-11,-5,-10,-82
14757395258967641292,-1,-19,-7,-9,-16,-17,-8,-11,-88
14757395258967641292,0,0,0,0,0,0,0,0,0
14757395258967641292,0,0,0,0,0,0,0,0,0
14757395258967641292,0,0,0,0,0,0,0,0,0
14757395258967641292,-28,-54,2,-4,-12,5,-4,-15,-110
14757395258967641292,0,0,0,0,0,0,0,0,0
14757395258967641292,0,0,0,0,0,0,0,0,0
14757395258967641292,0,0,0,0,0,0,0,0,0
14757395258967641292,-5,1,-14,-14,-28,-18,-1,-9,-88
14757395258967641292,0,0,0,0,0,0,0,0,0
14757395258967641292,5,-1,17,12,16,1,-4,-19,27
14757395258967641292,0,44,-5,5,-10,-2,4,-1,35
14757395258967641292,0,0,0,0,0,0,0,0,0
14757395258967641292,0,0,0,0,0,0,0,0,0
14757395258967641292,0,0,0,0,0,0,0,0,0
14757395258967641292,0,0,0,0,0,0,0,0,0
14757395258967641292,-21,-9,-2,18,6,1,15,-4,4
14757395258967641292,0,7,2,-1,-12,-1,-1,18,12
14757395258967641292,0,0,0,0,0,0,0,0,0
14757395258967641292,0,0,0,0,0,0,0,0,0
14757395258967641292,0,0,0,0,0,0,0,0,0
14757395258967641292,0,0,0,0,0,0,0,0,0
14757395258967641292,2,-19,-25,6,12,-10,9,50,25
14757395258967641292,0,0,0,0,0,0,0,0,0
14757395258967641292,0,0,0,0,0,0,0,0,0
14757395258967641292,0,0,0,0,0,0,0,0,0
14757395258967641292,4,15,15,6,35,19,23,25,142
14757395258967641292,9,-6,19,-13,2,-3,-5,-8,-5
14757395258967641292,0,0,0,0,0,0,0,0,0
14757395258967641292,0,0,0,0,0,0,0,0,0
14757395258967641292,0,0,0,0,0,0,0,0,0
14757395258967641292,-16,-36,1,-13,-18,-5,-8,-28,-123
14757395258967641292,-1,6,-23,2,7,7,0,-12,-14
14757395258967641292,0,0,0,0,0,0,0,0,0
14757395258967641292,0,0,0,0,0,0,0,0,0
14757395258967641292,-3,-12,9,8,-1,1,-5,-13,-16
14757395258967641292,0,0,0,0,0,0,0,0,0
14757395258967641292,-20,7,-13,-9,-6,12,-1,-6,-36
14757395258967641292,0,0,0,0,0,0,0,0,0
14757395258967641292,0,0,0,0,0,0,0,0,0
14757395258967641292,0,0,0,0,0,0,0,0,0
14757395258967641292,0,17,14,1,-4,-8,-8,6,18
14757395258967641292,-4,-20,-1,-1,2,-1,1,-13,-37
14757395258967641292,-1,14,24,38,49,29,13,-8,158
14757395258967641292,-10,-33,-1,-9,-13,-2,-4,-4,-76
14757395258967641292,9,1,3,-12,12,-18,-6,-5,-16
14757395258967641292,0,0,0,0,0,0,0,0,0
14757395258967641292,0,0,0,0,0,0,0,0,0
14757395258967641292,4,23,-13,7,21,7,4,18,71
14757395258967641292,0,0,0,0,0,0,0,0,0
14757395258967641292,-11,-7,1,-3,-11,-7,-19,-38,-95
14757395258967641292,0,0,0,0,0,0,0,0,0
14757395258967641292,0,0,0,0,0,0,0,0,0
14757395258967641292,0,0,0,0,0,0,0,0,0
14757395258967641292,0,0,0,0,0,0,0,0,0
14757395258967641292,5,8,-5,-8,-14,-2,19,11,14
14757395258967641292,0,0,0,0,0,0,0,0,0
14757395258967641292,0,0,0,0,0,0,0,0,0
14757395258967641292,0,0,0,0,0,0,0,0,0
14757395258967641292,1,11,4,2,-6,6,5,1,24
14757395258967641292,5,-26,-13,-10,-22,3,-1,-6,-70
14757395258967641292,0,0,0,0,0,0,0,0,0
14757395258967641292,0,0,0,0,0,0,0,0,0
14757395258967641292,0,0,0,0,0,0,0,0,0
14757395258967641292,6,7,-21,2,9,4,-7,13,13
14757395258967641292,1,-23,1,4,8,6,-5,-7,-15
14757395258967641292,0,0,0,0,0,0,0,0,0
14757395258967641292,0,0,0,0,0,0,0,0,0
14757395258967641292,0,0,0,0,0,0,0,0,0
14757395258967641292,0,0,0,0,0,0,0,0,0
14757395258967641292,-3,8,32,2,2,5,0,4,50
14757395258967641292,0,0,0,0,0,0,0,0,0
14757395258967641292,0,0,0,0,0,0,0,0,0
14757395258967641292,0,0,0,0,0,0,0,0,0
14757395258967641292,-13,1,-16,-14,-14,-20,-1,-12,-89
14757395258967641292,-6,11,18,6,7,14,-7,0,43
14757395258967641292,0,0,0,0,0,0,0,0,0
14757395258967641292,0,0,0,0,0,0,0,0,0
14757395258967641292,1,-2,-7,-5,-9,-8,1,9,-20
14757395258967641292,0,0,0,0,0,0,0,0,0
14757395258967641292,6,3,-19,1,-7,-12,-10,-2,-40
14757395258967641292,0,0,0,0,0,0,0,0,0
14757395258967641292,0,0,0,0,0,0,0,0,0
14757395258967641292,0,0,0,0,0,0,0,0,0
14757395258967641292,0,0,0,0,0,0,0,0,0
14757395258967641292,8,-1,15,-3,-20,-24,0,33,8
14757395258967641292,0,0,0,0,0,0,0,0,0
14757395258967641292,0,0,0,0,0,0,0,0,0
14757395258967641292,0,0,0,0,0,0,0,0,0
14757395258967641292,23,18,30,9,24,20,6,22,152
14757395258967641292,2,25,1,-4,-14,-13,4,-2,-1
14757395258967641292,0,0,0,0,0,0,0,0,0
14757395258967641292,0,0,0,0,0,0,0,0,0
14757395258967641292,0,0,0,0,0,0,0,0,0
14757395258967641292,0,0,0,0,0,0,0,0,0
14757395258967641292,7,-12,8,6,9,-1,-15,10,12
14757395258967641292,-17,-24,-3,-3,-3,-1,-8,-8,-67
14757395258967641292,0,0,0,0,0,0,0,0,0
14757395258967641292,0,0,0,0,0,0,0,0,0
14757395258967641292,0,0,0,0,0,0,0,0,0
14757395258967641292,-4,-4,-14,-4,-3,-1,-2,-17,-49
14757395258967641292,0,0,0,0,0,0,0,0,0
14757395258967641292,0,0,0,0,0,0,0,0,0
14757395258967641292,0,0,0,0,0,0,0,0,0
14757395258967641292,-15,2,-25,-5,-4,-6,-17,-61,-131
14757395258967641292,0,0,0,0,0,0,0,0,0
14757395258967641292,-5,14,-29,-3,3,3,-21,-13,-51
14757395258967641292,0,0,0,0,0,0,0,0,0
14757395258967641292,0,0,0,0,0,0,0,0,0
14757395258967641292,0,0,0,0,0,0,0,0,0
14757395258967641292,-10,-22,-34,-11,-7,5,1,24,-54
14757395258967641292,-1,1,-28,4,6,7,0,-6,-17
14757395258967641292,0,0,0,0,0,0,0,0,0
14757395258967641292,0,0,0,0,0,0,0,0,0
14757395258967641292,0,0,0,0,0,0,0,0,0
14757395258967641292,8,23,22,2,9,19,15,4,102
14757395258967641292,0,0,0,0,0,0,0,0,0
14757395258967641292,0,0,0,0,0,0,0,0,0
14757395258967641292,0,0,0,0,0,0,0,0,0
14757395258967641292,-6,1,2,-3,-9,-19,-9,-11,-54
14757395258967641292,0,0,0,0,0,0,0,0,0
14757395258967641292,1,0,-19,2,2,-4,8,13,3
14757395258967641292,0,0,0,0,0,0,0,0,0
14757395258967641292,0,0,0,0,0,0,0,0,0
14757395258967641292,0,0,0,0,0,0,0,0,0
14757395258967641292,7,-2,4,-6,-6,-8,1,-6,-16
14757395258967641292,0,-16,-67,-15,-12,-7,-7,-4,-128
14757395258967641292,0,0,0,0,0,0,0,0,0
14757395258967641292,0,0,0,0,0,0,0,0,0
14757395258967641292,0,0,0,0,0,0,0,0,0
14757395258967641292,2,-13,2,1,-2,-4,14,8,8
14757395258967641292,0,0,0,0,0,0,0,0,0
14757395258967641292,0,0,0,0,0,0,0,0,0
14757395258967641292,0,0,0,0,0,0,0,0,0
14757395258967641292,-4,-6,-5,1,2,11,22,-4,17
14757395258967641292,0,0,0,0,0,0,0,0,0
14757395258967641292,12,11,28,-4,-4,-3,2,1,43
14757395258967641292,0,0,0,0,0,0,0,0,0
14757395258967641292,0,0,0,0,0,0,0,0,0
14757395258967641292,0,0,0,0,0,0,0,0,0
14757395258967641292,-7,-7,19,3,-7,7,1,-39,-30
14757395258967641292,-5,-13,-6,-2,-5,-12,-3,-10,-56
14757395258967641292,0,0,0,0,0,0,0,0,0
14757395258967641292,0,0,0,0,0,0,0,0,0
14757395258967641292,3,-3,-8,-9,-5,2,-5,12,-13
14757395258967641292,0,0,0,0,0,0,0,0,0
14757395258967641292,-5,5,26,4,-5,-5,-5,-2,13
14757395258967641292,0,0,0,0,0,0,0,0,0
14757395258967641292,0,0,0,0,0,0,0,0,0
14757395258967641292,0,0,0,0,0,0,0,0,0
14757395258967641292,0,0,0,0,0,0,0,0,0
14757395258967641292,-6,-9,-4,-3,1,-5,-7,7,-26
14757395258967641292,0,0,0,0,0,0,0,0,0
14757395258967641292,0,0,0,0,0,0,0,0,0
14757395258967641292,0,0,0,0,0,0,0,0,0
14757395258967641292,3,-3,-7,-2,-4,-3,-11,32,5
14757395258967641292,0,0,0,0,0,0,0,0,0
14757395258967641292,0,0,0,0,0,0,0,0,0
14757395258967641292,0,0,0,0,0,0,0,0,0
14757395258967641292,2,-3,-6,-1,1,8,1,-4,-2
14757395258967641292,0,0,0,0,0,0,0,0,0
14757395258967641292,6,4,15,-5,-5,2,-2,-12,3
14757395258967641292,0,0,0,0,0,0,0,0,0
14757395258967641292,0,0,0,0,0,0,0,0,0
14757395258967641292,0,0,0,0,0,0,0,0,0
14757395258967641292,0,0,0,0,0,0,0,0,0
14757395258967641292,3,-4,10,4,8,9,-1,-6,23
14757395258967641292,0,0,0,0,0,0,0,0,0
14757395258967641292,0,0,0,0,0,0,0,0,0
14757395258967641292,0,0,0,0,0,0,0,0,0
14757395258967641292,-17,-3,-5,-10,0,-4,2,-4,-41
14757395258967641292,0,0,0,0,0,0,0,0,0
14757395258967641292,0,0,0,0,0,0,0,0,0
14757395258967641292,0,0,0,0,0,0,0,0,0
14757395258967641292,0,13,-3,0,4,-1,-8,9,14
14757395258967641292,0,0,0,0,0,0,0,0,0
14757395258967641292,-3,3,-21,-4,1,1,0,9,-14
14757395258967641292,0,0,0,0,0,0,0,0,0
14757395258967641292,0,0,0,0,0,0,0,0,0
14757395258967641292,0,0,0,0,0,0,0,0,0
14757395258967641292,0,0,0,0,0,0,0,0,0
14757395258967641292,0,3,8,4,0,3,5,-17,6
14757395258967641292,0,0,0,0,0,0,0,0,0
14757395258967641292,0,0,0,0,0,0,0,0,0
14757395258967641292,0,0,0,0,0,0,0,0,0
14757395258967641292,-21,-15,-15,-5,-5,-3,-2,-36,-102
14757395258967641292,0,0,0,0,0,0,0,0,0
14757395258967641292,-4,-6,-17,4,1,-2,-5,-10,-39
14757395258967641292,0,0,0,0,0,0,0,0,0
14757395258967641292,0,0,0,0,0,0,0,0,0
14757395258967641292,0,0,0,0,0,0,0,0,0
14757395258967641292,-5,-11,16,-1,3,-2,-1,-4,-5
14757395258967641292,0,0,0,0,0,0,0,0,0
14757395258967641292,0,0,0,0,0,0,0,0,0
14757395258967641292,0,0,0,0,0,0,0,0,0
14757395258967641292,0,0,0,0,0,0,0,0,0
14757395258967641292,1,25,-31,-10,-5,-4,4,5,-15
14757395258967641292,0,0,0,0,0,0,0,0,0
14757395258967641292,0,0,0,0,0,0,0,0,0
14757395258967641292,0,0,0,0,0,0,0,0,0
14757395258967641292,3,5,-22,-1,10,7,-13,-37,-48
14757395258967641292,0,0,0,0,0,0,0,0,0
14757395258967641292,-1,-1,31,2,-4,-8,-1,2,20
14757395258967641292,0,0,0,0,0,0,0,0,0
14757395258967641292,0,0,0,0,0,0,0,0,0
14757395258967641292,0,0,0,0,0,0,0,0,0
14757395258967641292,4,7,26,0,-4,-4,2,16,47
14757395258967641292,4,7,10,2,0,2,-5,5,25
14757395258967641292,0,0,0,0,0,0,0,0,0
14757395258967641292,0,0,0,0,0,0,0,0,0
14757395258967641292,0,0,0,0,0,0,0,0,0
14757395258967641292,2,-13,-25,-4,2,1,-3,8,-32
14757395258967641292,0,0,0,0,0,0,0,0,0
14757395258967641292,0,0,0,0,0,0,0,0,0
14757395258967641292,0,0,0,0,0,0,0,0,0
14757395258967641292,2,2,-2,2,2,0,-1,-5,0
14757395258967641292,0,0,0,0,0,0,0,0,0
14757395258967641292,2,-1,0,0,0,-1,0,-13,-13
14757395258967641292,0,0,0,0,0,0,0,0,0
14757395258967641292,0,0,0,0,0,0,0,0,0
14757395258967641292,0,0,0,0,0,0,0,0,0
14757395258967641292,-1,-20,0,-5,3,0,-4,35,8
14757395258967641292,4,7,22,7,2,1,0,-7,36
14757395258967641292,0,0,0,0,0,0,0,0,0
14757395258967641292,0,0,0,0,0,0,0,0,0
14757395258967641292,0,0,0,0,0,0,0,0,0
14757395258967641292,-8,3,-1,-1,3,8,3,-5,2
14757395258967641292,-12,-47,-26,-13,-7,1,4,4,-96
14757395258967641292,0,0,0,0,0,0,0,0,0
14757395258967641292,0,0,0,0,0,0,0,0,0
14757395258967641292,0,0,0,0,0,0,0,0,0
14757395258967641292,0,0,0,0,0,0,0,0,0
14757395258967641292,-2,5,-43,-2,-7,-12,2,-4,-63
14757395258967641292,0,5,-1,1,-1,1,-1,-2,2
14757395258967641292,0,0,0,0,0,0,0,0,0
14757395258967641292,0,0,0,0,0,0,0,0,0
14757395258967641292,12,-11,16,0,11,3,1,-1,31
14757395258967641292,7,15,6,-1,3,-4,-1,9,34
14757395258967641292,0,0,0,0,0,0,0,0,0
14757395258967641292,0,0,0,0,0,0,0,0,0
14757395258967641292,0,0,0,0,0,0,0,0,0
14757395258967641292,-3,-6,25,3,-15,1,1,7,13
14757395258967641292,6,13,-5,4,-4,0,-2,-7,5
14757395258967641292,0,0,0,0,0,0,0,0,0
14757395258967641292,0,0,0,0,0,0,0,0,0
14757395258967641292,0,0,0,0,0,0,0,0,0
14757395258967641292,0,0,0,0,0,0,0,0,0
14757395258967641292,-6,-11,9,-3,-10,-1,1,1,-20
14757395258967641292,0,0,0,0,0,0,0,0,0
14757395258967641292,0,0,0,0,0,0,0,0,0
14757395258967641292,0,0,0,0,0,0,0,0,0
14757395258967641292,0,2,-6,-1,-2,2,1,3,-1
14757395258967641292,-6,8,-2,3,2,-3,2,-2,2
14757395258967641292,0,0,0,0,0,0,0,0,0
14757395258967641292,0,0,0,0,0,0,0,0,0
14757395258967641292,-9,-11,11,2,5,2,-4,0,-4
14757395258967641292,0,0,0,0,0,0,0,0,0
14757395258967641292,0,0,0,0,0,0,0,0,0
14757395258967641292,-3,-5,0,-2,5,0,-2,3,-4
14757395258967641292,0,0,0,0,0,0,0,0,0
14757395258967641292,0,0,0,0,0,0,0,0,0
14757395258967641292,0,0,0,0,0,0,0,0,0
14757395258967641292,1,12,4,2,-7,-2,2,-2,10
14757395258967641292,0,0,0,0,0,0,0,0,0
14757395258967641292,0,0,0,0,0,0,0,0,0
14757395258967641292,0,0,0,0,0,0,0,0,0
14757395258967641292,6,2,-1,-6,-6,-5,-3,3,-10
14757395258967641292,2,4,-5,1,2,5,0,4,13
14757395258967641292,0,0,0,0,0,0,0,0,0
14757395258967641292,0,0,0,0,0,0,0,0,0
14757395258967641292,-10,-21,-47,-5,-3,-4,-4,1,-93
14757395258967641292,0,0,0,0,0,0,0,0,0
14757395258967641292,3,2,5,4,-2,-4,-2,-5,1
14757395258967641292,0,0,0,0,0,0,0,0,0
14757395258967641292,0,0,0,0,0,0,0,0,0
14757395258967641292,0,0,0,0,0,0,0,0,0
14757395258967641292,0,0,0,0,0,0,0,0,0
14757395258967641292,-6,-7,-4,-5,-3,-2,-4,-1,-32
14757395258967641292,0,0,0,0,0,0,0,0,0
14757395258967641292,0,0,0,0,0,0,0,0,0
14757395258967641292,0,0,0,0,0,0,0,0,0
14757395258967641292,6,-1,2,4,-2,2,-3,5,13
14757395258967641292,0,0,0,0,0,0,0,0,0
14757395258967641292,-14,4,-16,-4,0,-3,-1,-22,-56
14757395258967641292,1,-8,10,-5,1,-2,-36,0,-39
14757395258967641292,0,0,0,0,0,0,0,0,0
14757395258967641292,-10,-29,20,8,1,-6,-12,-13,-41
14757395258967641292,9,12,14,-1,0,-1,4,-3,34
14757395258967641292,0,0,0,0,0,0,0,0,0
14757395258967641292,-1,4,2,-4,-4,-1,-3,-5,-12
14757395258967641292,0,0,0,0,0,0,0,0,0
14757395258967641292,0,0,0,0,0,0,0,0,0
14757395258967641292,2,-7,-4,-2,-3,-1,-6,-24,-45
14757395258967641292,-2,-10,-1,-2,0,1,-3,-42,-59
14757395258967641292,2,4,-9,-3,-1,-1,-1,11,2
14757395258967641292,-2,-2,1,-3,-5,-3,-1,6,-9
14757395258967641292,4,7,-20,-1,0,7,2,12,11
14757395258967641292,0,0,0,0,0,0,0,0,0
14757395258967641292,0,-6,-4,-3,0,3,-1,10,-1
14757395258967641292,0,0,0,0,0,0,0,0,0
14757395258967641292,0,0,0,0,0,0,0,0,0
14757395258967641292,0,0,0,0,0,0,0,0,0
14757395258967641292,-10,5,1,-2,-3,1,1,6,-1
14757395258967641292,2,-7,-5,0,1,-1,-1,1,-10
14757395258967641292,0,0,0,0,0,0,0,0,0
14757395258967641292,0,0,0,0,0,0,0,0,0
14757395258967641292,0,0,0,0,0,0,0,0,0
14757395258967641292,1,18,5,0,1,-2,0,2,25
14757395258967641292,0,0,0,0,0,0,0,0,0
14757395258967641292,0,0,0,0,0,0,0,0,0
14757395258967641292,0,0,0,0,0,0,0,0,0
14757395258967641292,7,8,27,2,-1,2,0,11,56
14757395258967641292,0,0,0,0,0,0,0,0,0
14757395258967641292,5,3,-5,-3,0,-2,-3,-2,-7
14757395258967641292,0,0,0,0,0,0,0,0,0
14757395258967641292,0,0,0,0,0,0,0,0,0
14757395258967641292,0,0,0,0,0,0,0,0,0
14757395258967641292,-1,0,7,3,-1,0,1,1,10
14757395258967641292,-11,-2,-3,-1,-1,1,7,-3,-13
14757395258967641292,0,0,0,0,0,0,0,0,0
14757395258967641292,0,0,0,0,0,0,0,0,0
14757395258967641292,0,0,0,0,0,0,0,0,0
14757395258967641292,-4,-10,-28,-3,0,-2,-4,-8,-59
14757395258967641292,-4,-7,6,-7,-4,-1,-4,-29,-50
14757395258967641292,0,0,0,0,0,0,0,0,0
14757395258967641292,-4,1,6,3,1,-1,-3,9,12
14757395258967641292,0,-7,1,-1,0,-1,3,13,8
14757395258967641292,0,0,0,0,0,0,0,0,0
14757395258967641292,-2,-11,-2,-1,0,-2,0,3,-15
14757395258967641292,-4,-3,-15,0,-1,-2,1,4,-20
14757395258967641292,0,0,0,0,0,0,0,0,0
14757395258967641292,5,0,-5,0,-4,-4,1,5,-2
14757395258967641292,-10,11,10,-3,-1,0,-4,-1,2
14757395258967641292,0,0,0,0,0,0,0,0,0
14757395258967641292,1,2,-2,-2,-2,-2,-4,3,-6
14757395258967641292,2,-4,6,2,4,0,4,1,15
14757395258967641292,0,0,0,0,0,0,0,0,0
14757395258967641292,0,0,-13,-2,-5,-2,-3,-13,-38
14757395258967641292,0,0,0,0,0,0,0,0,0
14757395258967641292,0,0,0,0,0,0,0,0,0
14757395258967641292,0,0,0,0,0,0,0,0,0
14757395258967641292,2,1,26,0,-1,-2,-2,7,31
14757395258967641292,0,0,0,0,0,0,0,0,0
14757395258967641292,0,0,0,0,0,0,0,0,0
14757395258967641292,0,0,0,0,0,0,0,0,0
14757395258967641292,0,0,0,0,0,0,0,0,0
14757395258967641292,2,0,2,-2,-2,-5,-2,0,-7
14757395258967641292,0,0,0,0,0,0,0,0,0
14757395258967641292,0,0,0,0,0,0,0,0,0
14757395258967641292,0,0,0,0,0,0,0,0,0
14757395258967641292,-2,-20,-16,-4,-1,1,7,4,-31
14757395258967641292,0,0,0,0,0,0,0,0,0
14757395258967641292,-4,17,0,0,-2,4,0,-15,0
14757395258967641292,0,0,0,0,0,0,0,0,0
14757395258967641292,0,0,0,0,0,0,0,0,0
14757395258967641292,0,0,0,0,0,0,0,0,0
14757395258967641292,0,-4,6,1,-3,-1,-1,10,8
14757395258967641292,0,0,0,0,0,0,0,0,0
14757395258967641292,0,0,0,0,0,0,0,0,0
14757395258967641292,0,0,0,0,0,0,0,0,0
14757395258967641292,0,0,0,0,0,0,0,0,0
14757395258967641292,2,-7,-10,-1,1,6,-4,-3,-16
14757395258967641292,0,0,0,0,0,0,0,0,0
14757395258967641292,0,0,0,0,0,0,0,0,0
14757395258967641292,0,0,0,0,0,0,0,0,0
14757395258967641292,-2,-3,-20,-1,2,-3,-3,8,-22
14757395258967641292,-7,1,6,2,-2,-4,0,-20,-24
14757395258967641292,0,0,0,0,0,0,0,0,0
14757395258967641292,0,0,0,0,0,0,0,0,0
14757395258967641292,0,0,0,0,0,0,0,0,0
14757395258967641292,0,0,0,0,0,0,0,0,0
14757395258967641292,-4,-15,1,-3,-2,0,0,11,-12
14757395258967641292,0,0,0,0,0,0,0,0,0
14757395258967641292,0,0,0,0,0,0,0,0,0
14757395258967641292,0,0,0,0,0,0,0,0,0
14757395258967641292,0,0,0,0,0,0,0,0,0
14757395258967641292,-6,-15,-36,-6,4,5,1,5,-48
14757395258967641292,0,0,0,0,0,0,0,0,0
14757395258967641292,0,0,0,0,0,0,0,0,0
14757395258967641292,0,0,0,0,0,0,0,0,0
14757395258967641292,8,3,11,4,7,0,-2,-3,28
14757395258967641292,15,8,-5,-1,-3,-3,-1,-2,8
14757395258967641292,0,0,0,0,0,0,0,0,0
14757395258967641292,0,0,0,0,0,0,0,0,0
14757395258967641292,-7,-3,-4,-3,-2,0,-4,-6,-29
14757395258967641292,0,0,0,0,0,0,0,0,0
14757395258967641292,2,-1,-2,-1,0,-4,-4,-27,-37
14757395258967641292,0,0,0,0,0,0,0,0,0
14757395258967641292,0,0,0,0,0,0,0,0,0
14757395258967641292,0,0,0,0,0,0,0,0,0
14757395258967641292,0,0,0,0,0,0,0,0,0
14757395258967641292,-10,-4,4,-1,0,-2,1,10,-2
14757395258967641292,0,0,0,0,0,0,0,0,0
14757395258967641292,0,0,0,0,0,0,0,0,0
14757395258967641292,0,0,0,0,0,0,0,0,0
14757395258967641292,0,3,8,-1,-3,-4,-2,3,4
14757395258967641292,0,0,0,0,0,0,0,0,0
14757395258967641292,0,0,0,0,0,0,0,0,0
14757395258967641292,0,0,0,0,0,0,0,0,0
14757395258967641292,0,0,0,0,0,0,0,0,0
14757395258967641292,-3,10,13,1,2,5,-1,3,30
14757395258967641292,0,0,0,0,0,0,0,0,0
14757395258967641292,0,0,0,0,0,0,0,0,0
14757395258967641292,0,0,0,0,0,0,0,0,0
14757395258967641292,7,7,12,4,-2,-4,-11,-2,11
14757395258967641292,0,0,0,0,0,0,0,0,0
14757395258967641292,2,7,-6,-1,-1,-4,1,2,0
14757395258967641292,0,0,0,0,0,0,0,0,0
14757395258967641292,0,0,0,0,0,0,0,0,0
14757395258967641292,0,0,0,0,0,0,0,0,0
14757395258967641292,-3,-6,-11,1,3,0,1,-3,-18
14757395258967641292,0,-2,1,-3,-5,-2,-3,4,-10
14757395258967641292,0,0,0,0,0,0,0,0,0
14757395258967641292,0,0,0,0,0,0,0,0,0
14757395258967641292,0,0,0,0,0,0,0,0,0
14757395258967641292,5,-7,3,1,1,-1,1,3,6
14757395258967641292,0,0,0,0,0,0,0,0,0
14757395258967641292,0,0,0,0,0,0,0,0,0
14757395258967641292,0,0,0,0,0,0,0,0,0
14757395258967641292,-1,-1,4,-3,-6,-1,-4,-12,-24
14757395258967641292,0,0,0,0,0,0,0,0,0
14757395258967641292,6,-12,-1,-3,-2,0,-1,5,-8
14757395258967641292,0,0,0,0,0,0,0,0,0
14757395258967641292,0,0,0,0,0,0,0,0,0
14757395258967641292,3,0,-4,-4,-1,5,6,5,10
14757395258967641292,0,0,0,0,0,0,0,0,0
14757395258967641292,0,0,0,0,0,0,0,0,0
14757395258967641292,-1,-2,3,-2,-3,-1,-5,-5,-16
14757395258967641292,0,0,0,0,0,0,0,0,0
14757395258967641292,0,0,0,0,0,0,0,0,0
14757395258967641292,-3,1,-6,0,0,-2,2,4,-4
14757395258967641292,0,0,0,0,0,0,0,0,0
14757395258967641292,0,0,0,0,0,0,0,0,0
14757395258967641292,0,0,0,0,0,0,0,0,0
14757395258967641292,-2,5,8,5,0,-6,0,11,21
14757395258967641292,-4,-12,-46,-5,3,5,1,5,-53
14757395258967641292,0,0,0,0,0,0,0,0,0
14757395258967641292,0,0,0,0,0,0,0,0,0
14757395258967641292,0,0,0,0,0,0,0,0,0
14757395258967641292,0,-1,9,-8,-7,-5,-3,-5,-20
14757395258967641292,0,0,0,0,0,0,0,0,0
14757395258967641292,0,0,0,0,0,0,0,0,0
14757395258967641292,0,0,0,0,0,0,0,0,0
14757395258967641292,9,10,16,-1,-1,-5,1,-1,28
14757395258967641292,0,0,0,0,0,0,0,0,0
14757395258967641292,0,0,0,0,0,0,0,0,0
14757395258967641292,0,0,0,0,0,0,0,0,0
14757395258967641292,1,-5,9,2,0,-2,-2,-3,0
14757395258967641292,0,0,0,0,0,0,0,0,0
14757395258967641292,-2,-1,0,-1,0,-1,4,3,2
14757395258967641292,-10,0,-3,-3,-1,-2,-6,-43,-68
14757395258967641292,0,0,0,0,0,0,0,0,0
14757395258967641292,-5,-10,13,1,2,1,-1,2,3
14757395258967641292,0,0,0,0,0,0,0,0,0
14757395258967641292,-4,-7,17,0,1,-2,1,7,13
14757395258967641292,0,0,0,0,0,0,0,0,0
14757395258967641292,0,0,0,0,0,0,0,0,0
14757395258967641292,-6,2,-7,0,-4,-3,-1,9,-10
14757395258967641292,0,0,0,0,0,0,0,0,0
14757395258967641292,0,0,0,0,0,0,0,0,0
14757395258967641292,12,5,1,0,-4,-1,1,4,18
14757395258967641292,0,0,0,0,0,0,0,0,0
14757395258967641292,0,0,0,0,0,0,0,0,0
14757395258967641292,2,0,12,0,3,6,-10,0,13
14757395258967641292,0,0,0,0,0,0,0,0,0
14757395258967641292,0,0,0,0,0,0,0,0,0
14757395258967641292,-9,-4,-4,0,-2,-5,-1,-16,-41
14757395258967641292,0,0,0,0,0,0,0,0,0
14757395258967641292,0,0,0,0,0,0,0,0,0
14757395258967641292,-2,7,3,4,2,1,-2,0,13
14757395258967641292,-6,-10,-12,-5,-3,0,2,10,-24
14757395258967641292,-5,-5,1,-4,-5,1,0,-6,-23
14757395258967641292,0,0,0,0,0,0,0,0,0
14757395258967641292,-1,7,7,4,1,-1,1,5,23
14757395258967641292,0,0,0,0,0,0,0,0,0
14757395258967641292,0,0,0,0,0,0,0,0,0
14757395258967641292,0,-4,1,-1,4,-3,-2,6,1
14757395258967641292,-7,13,0,2,0,-1,-3,2,6
14757395258967641292,0,0,0,0,0,0,0,0,0
14757395258967641292,-1,15,-8,-2,-2,1,0,-3,0
14757395258967641292,-8,6,-10,-10,-6,-3,0,-1,-32
14757395258967641292,0,0,0,0,0,0,0,0,0
14757395258967641292,-1,17,-36,-1,-5,-3,-3,3,-29
14757395258967641292,0,8,-5,3,0,-3,-2,7,8
14757395258967641292,0,0,0,0,0,0,0,0,0
14757395258967641292,0,3,4,0,-2,2,1,-2,6
14757395258967641292,4,-15,-3,2,-2,-1,-2,2,-15
14757395258967641292,0,0,0,0,0,0,0,0,0
14757395258967641292,-4,-8,6,4,1,-2,1,2,0
14757395258967641292,0,0,0,0,0,0,0,0,0
14757395258967641292,5,-6,11,2,-2,-1,-3,-2,4
14757395258967641292,0,0,0,0,0,0,0,0,0
14757395258967641292,0,0,0,0,0,0,0,0,0
14757395258967641292,1,-11,-3,-1,1,-7,-1,-5,-26
